  -1.3819317e+00  -3.6877552e-01
  -6.1245642e-01  -1.4079823e+00
  -1.1560973e+00  -1.7948943e+00
  -1.0476668e+00  -1.4010396e+00
  -6.8256275e-01  -1.4846689e+00
  -9.3575287e-01  -1.5196305e+00
  -3.0186127e-01  -1.3585903e+00
  -3.3877982e-01  -1.7730414e+00
  -5.6483164e-01  -1.0478670e+00
  -4.9267525e-01  -7.9036661e-01
  -8.9863021e-01  -1.3145687e+00
  -5.3082704e-01  -1.2561578e+00
  -7.8394512e-01  -1.0008855e+00
  -1.1040878e+00  -1.0513628e+00
  -6.8432743e-01  -1.9261635e+00
  -5.9331292e-01  -1.5695629e+00
  -7.7830729e-01  -8.5035360e-01
  -1.1922269e+00  -9.3602645e-01
  -1.5344771e+00  -1.0518840e+00
  -1.5348335e+00  -2.1203537e-01
  -1.2183759e+00  -8.0700314e-01
  -8.6665228e-01  -7.3801386e-01
  -6.0429359e-01  -9.5606844e-01
  -5.9352591e-01  -1.0655070e+00
  -3.8060275e-01  -1.6903574e+00
  -5.4605623e-01  -5.1034332e-01
  -8.1696730e-01  -1.1057995e+00
  -6.7248713e-01  -9.2837298e-01
  -9.2284294e-01  -8.3253724e-01
  -9.8231733e-01  -2.3325502e-01
  -7.9013421e-01  -1.1096740e+00
  -4.2142650e-01  -5.2095364e-01
  -2.6004981e-01  -6.8296623e-01
  -6.2254249e-01  -7.8896359e-01
  -1.0567005e+00  -1.1568553e+00
  -8.2445749e-01  -1.0995848e+00
  -6.1621541e-01  -1.9365088e+00
  -1.6836385e+00  -1.1549414e+00
  -3.6434112e-01  -7.2158701e-01
  -6.4643830e-01  -1.5396453e+00
  -4.0467601e-01  -7.6635642e-01
  -4.0467601e-01  -7.6635642e-01
  -1.5368302e-01  -1.2155761e+00
  -8.3642952e-01  -6.9211868e-01
  -5.2223609e-01  -1.0985939e+00
  -1.1493196e+00  -2.9518338e-01
  -5.7735211e-01  -5.2606660e-01
  -1.2782712e+00  -1.0063407e+00
  -8.7757784e-01  -6.9267158e-01
  -5.2018325e-01  -1.4377395e+00
  -3.1521175e-01  -1.6796672e+00
  -8.4466240e-01  -2.2776151e-01
  -2.5288887e-01  -3.4828703e-01
  -6.8761031e-01  -1.4620181e+00
  -3.8990979e-01  -1.1809540e+00
  -2.1242192e-01  -7.4392481e-01
  -6.8354087e-01  -4.8227221e-01
  -8.2706645e-01  -7.8156111e-01
  -4.7191627e-01  -1.0699218e+00
  -8.7172773e-01  -1.0841802e+00
  -4.8795049e-01  -3.7065532e-01
  -7.4028454e-01  -3.5237530e-01
  -5.5781093e-01  -3.3015738e-01
  -6.3766902e-01  -3.9521430e-01
  -1.2167963e+00  -9.6557714e-01
  -5.8051209e-01  -7.3503146e-01
  -8.3473255e-01  -1.1850201e+00
  -5.4304239e-01  -3.9585041e-01
  -8.4461236e-01  -7.4062805e-01
  -1.0220235e+00  -1.4270129e+00
  -1.1427297e+00  -1.0806387e+00
  -1.0858478e+00  -7.1847889e-01
  -1.1039224e+00  -8.3888928e-01
  -4.5064678e-01   1.9256331e-01
  -8.1723751e-01  -5.4119928e-01
  -1.1586041e+00  -1.4126278e+00
  -5.4660209e-01  -6.4363204e-01
  -4.9600049e-01  -9.4358967e-01
  -3.9815294e-01  -5.0903268e-01
  -6.6282251e-01  -1.0022709e+00
  -4.8048722e-01  -2.7592399e-01
  -4.7606285e-01  -1.1939741e+00
  -8.6411051e-01  -1.0770969e+00
  -1.3585779e+00  -1.6241249e+00
  -1.3221279e+00  -4.9574157e-01
  -1.2869838e+00  -9.0842059e-01
  -3.8167068e-01  -8.2487367e-01
  -7.2821403e-01  -6.3718821e-01
  -7.3045809e-01  -6.3216859e-01
  -5.8456336e-01  -2.3820402e-01
  -6.2373049e-01  -6.3149955e-01
  -1.0245307e+00  -7.5118200e-01
  -8.9388479e-01  -3.8465247e-01
  -8.9936165e-01  -1.1027998e+00
  -1.3016233e+00  -8.0187786e-02
  -3.4077424e-01  -5.7251426e-01
  -1.0305308e+00  -7.5390726e-01
  -1.0183475e+00  -8.3029929e-01
  -6.7578709e-01  -6.5999610e-01
  -1.0250468e+00  -1.5914769e+00
  -9.0188024e-01  -1.0606753e+00
  -6.9693904e-01  -1.0892750e+00
  -1.2373846e+00  -6.1361017e-01
  -9.2313919e-01  -2.8549663e-01
  -8.5787800e-01  -8.0531278e-01
  -1.5409975e+00  -3.1661815e-01
  -1.5040174e+00  -6.9410332e-01
  -6.5136648e-01  -7.6864926e-01
  -5.9936390e-01  -7.8479255e-01
  -4.6269222e-01  -1.1415450e+00
  -5.8146532e-01  -1.0553239e+00
  -6.4749175e-01  -6.1628886e-01
  -7.3719780e-01  -8.5417377e-01
  -7.3719780e-01  -8.5417377e-01
  -5.8803109e-01  -4.1601947e-01
  -8.5528640e-01  -8.4398195e-01
  -1.2960662e+00  -1.1642958e+00
  -5.2505787e-01  -7.1298333e-01
  -8.0952582e-01  -1.2090942e+00
  -4.4053223e-01  -7.5147477e-01
  -4.8473144e-01  -5.2318561e-01
  -2.4878634e-01  -1.4819994e+00
  -3.4006628e-01  -1.1710621e+00
  -2.2202181e+00  -8.4396019e-01
  -1.8828583e+00  -9.4481681e-01
  -9.8007289e-01  -6.5430509e-01
  -9.2296784e-01  -1.0969902e+00
  -1.1310920e+00  -8.8314775e-01
  -5.9189680e-01  -1.5106566e+00
  -3.4520171e-01  -1.8931248e+00
  -8.0850098e-01  -5.3737218e-01
  -1.0061644e+00  -9.9306353e-01
  -7.7907050e-01  -6.7200107e-01
  -8.8369804e-01  -6.8078709e-01
  -1.6036594e+00  -1.2194579e+00
  -1.2282978e+00   5.8058885e-01
  -1.2553435e+00  -3.5237133e-01
  -1.0356736e+00  -5.2638622e-01
  -2.4610455e-01  -3.6480660e-01
  -7.0537847e-01  -5.8075323e-01
  -1.5964072e+00  -4.0908950e-01
  -8.4878915e-01  -8.1473966e-01
  -9.0508469e-01  -8.6631644e-01
  -4.2162982e-01  -9.8767891e-01
  -1.1256887e+00  -1.2965721e+00
  -1.3389590e+00  -2.8106673e-01
  -1.0529247e+00  -7.5950675e-01
  -2.2626350e-01  -7.4079194e-01
  -9.9788265e-01  -9.8404847e-01
  -7.7676139e-01  -4.9980169e-01
  -9.7264527e-01  -7.5704079e-01
  -6.6960424e-01  -7.1103491e-02
  -6.8287224e-01  -8.3222513e-01
  -8.0526312e-01  -9.7161381e-01
  -6.4623190e-01  -4.0430702e-01
  -7.0874798e-01  -1.2493038e+00
  -8.9675043e-01  -1.1831211e+00
  -5.4207626e-01  -9.5488355e-01
  -5.4207626e-01  -9.5488355e-01
  -7.0276813e-01  -8.2746680e-01
  -6.8611702e-01  -7.2827963e-01
  -8.1937118e-01  -6.4959552e-01
  -8.8946675e-01  -6.0349498e-01
  -6.0514079e-01  -2.5871374e-01
  -5.2715757e-01  -9.5292614e-01
  -3.6278761e-01  -1.6458203e-01
  -1.8524695e+00  -4.1720596e-01
  -7.0527571e-01  -4.4499359e-01
  -8.2170164e-01  -5.2493090e-01
  -4.9739204e-01  -1.1137919e+00
  -1.2893045e+00  -3.3309859e-01
  -1.0393805e+00  -7.3858648e-01
  -5.1327010e-01  -8.8149463e-01
  -8.9642564e-01  -9.1371644e-01
  -1.0582035e+00  -4.9816049e-01
  -8.0711478e-01  -1.2791948e+00
  -5.4650992e-01  -8.3795350e-01
  -1.5627330e+00  -8.3255214e-01
  -5.4567660e-01  -1.4008115e+00
  -6.0219591e-01  -8.7866723e-01
  -1.0205103e+00  -5.0723095e-01
  -1.8722503e+00  -1.2160626e+00
  -8.6715060e-01  -2.9924385e-01
  -1.0823559e+00  -5.5430484e-01
  -8.3152846e-01  -7.5991155e-01
  -6.8322111e-01  -8.6547276e-01
  -4.8506371e-01  -1.0177304e+00
  -1.4924019e+00  -9.8308547e-01
  -9.4243296e-01  -1.0751618e+00
  -1.6192644e+00  -6.0367172e-01
  -3.2803862e-01  -1.5765836e+00
  -1.0596323e+00  -6.0539233e-01
  -1.1279640e+00  -1.0744404e+00
  -1.1095133e+00  -1.3968948e+00
  -6.1063267e-01  -5.5049762e-01
  -1.2645303e+00  -1.0949403e+00
  -1.4219705e+00  -9.9139620e-01
  -1.1495677e+00  -8.6638926e-01
  -2.6894976e-01   1.3189967e-01
  -3.1960582e-01  -1.7518459e+00
  -3.1960582e-01  -1.7518459e+00
  -1.1867317e+00  -5.8792305e-01
  -1.8389697e+00  -9.3504752e-01
  -6.8120139e-01  -5.1298407e-01
  -2.7437340e-01  -2.6658632e-01
  -7.3505575e-01   2.5877714e-01
  -1.1458116e+00  -1.0329781e+00
  -1.9189470e+00  -6.7054975e-01
  -9.1715537e-01  -1.1038482e+00
  -8.7880829e-01  -1.0763215e+00
  -1.4596894e+00  -7.9047515e-01
  -4.1670648e-01  -7.0548647e-01
  -6.2638240e-01  -1.1709340e+00
  -1.0451075e+00  -3.8165361e-01
  -4.8828343e-01   2.6107814e-02
  -4.7444874e-01  -1.0753359e+00
  -5.8542653e-01  -1.4128390e-01
  -8.8472470e-01  -5.8349285e-01
  -8.1729067e-01  -1.5301364e+00
  -3.7628843e-01  -1.1026659e+00
  -1.0456145e+00  -2.8779240e-01
  -1.3311842e+00  -7.2423499e-01
  -1.3222917e+00  -1.4239865e+00
  -5.4262135e-01  -8.4335499e-01
  -4.4601276e-01  -1.4118388e+00
  -5.5223903e-01  -3.3746124e-01
  -2.4410352e-01  -5.9887968e-01
  -6.0341002e-01  -1.8534798e+00
  -1.2358008e+00  -9.5536609e-01
  -7.4556230e-01  -1.1014251e+00
  -1.1324726e+00  -3.3690212e-01
  -1.5750138e+00  -1.8850842e-01
  -7.4921033e-01  -7.1235189e-01
  -1.0351318e+00  -9.0693231e-01
  -5.3538519e-01  -6.0601541e-01
  -1.8645554e+00  -1.1414544e+00
  -1.6231695e+00  -6.1957285e-01
  -1.0157258e+00  -5.5438773e-01
  -5.5979378e-01  -2.9171044e-01
  -3.9352763e-01  -1.7942522e-01
  -6.7166457e-01  -9.6197559e-01
  -7.0729083e-01  -5.6635845e-02
  -1.5022041e+00  -4.0396337e-01
  -1.0610418e+00  -1.5716490e+00
  -1.0326542e+00  -5.5585081e-01
  -9.0828154e-01  -1.3359625e+00
  -8.2391090e-01  -1.2374237e+00
  -1.2686678e+00  -6.4788765e-01
  -2.2319962e-01  -5.2090622e-01
  -6.1554001e-01  -1.0912383e+00
  -6.3453239e-01  -1.1365794e+00
  -3.0363619e-01  -8.9339489e-01
  -1.0750039e+00  -1.5190869e+00
  -1.4877214e+00  -7.5904206e-01
  -5.2795546e-01  -6.2566508e-01
  -5.9657641e-01  -2.7658870e-01
  -3.1592281e-01  -1.6935642e+00
  -7.8790697e-01  -8.1893307e-01
  -1.4526008e+00  -6.2629931e-01
  -8.3966494e-01  -4.5087077e-01
  -7.9439181e-01  -1.2296211e+00
  -9.3482349e-01  -1.2162784e+00
  -2.1450969e+00  -6.0088310e-01
  -5.2373062e-01  -4.7447155e-01
  -7.6953157e-01  -1.0583998e+00
  -1.1807139e+00  -2.4372805e-01
  -7.9605688e-01  -9.8724184e-01
  -8.4892801e-01  -1.0416296e+00
  -9.8716593e-01  -7.5953711e-01
  -6.3366460e-01  -1.3754305e+00
  -1.0434948e+00  -5.7489733e-01
  -4.1918116e-01  -5.8779917e-01
  -6.7775520e-01  -7.8671163e-01
  -7.1974738e-01  -4.1588144e-01
  -6.1185697e-01  -5.4912466e-01
  -5.0415842e-01  -1.0234550e+00
  -5.8099905e-01  -1.0221724e+00
  -1.2281173e+00  -4.3236704e-01
  -1.1292546e+00  -7.2893606e-01
  -6.7913781e-01  -8.4356790e-01
  -9.4136590e-01  -1.1098150e+00
  -1.9473569e+00  -5.2238191e-01
  -8.0276962e-01  -1.4310887e+00
  -5.3189458e-01  -8.5207099e-01
  -4.5322522e-01  -7.2352738e-01
  -6.8197565e-01  -3.4412852e-01
  -3.6581515e-01  -3.9641878e-01
  -4.3746246e-01  -4.0505508e-01
  -4.5461919e-01  -1.5031132e+00
  -1.1449832e+00  -1.4634316e+00
  -8.8415365e-01  -7.5609279e-01
  -1.2580761e+00  -2.1167647e-01
  -1.2580761e+00  -2.1167647e-01
  -5.7202031e-01  -1.5375442e+00
  -5.6111358e-01  -7.5656497e-01
  -9.6504351e-01  -7.4184595e-01
  -6.0463606e-01  -7.1165562e-01
  -9.5428747e-01  -4.9496570e-01
  -7.2812820e-01  -9.1770385e-01
  -1.4455937e+00  -3.7073219e-01
  -1.4038273e+00  -3.9702521e-01
  -2.3501528e+00  -7.9520274e-01
  -1.1593132e+00  -1.0582922e+00
  -1.0188396e+00  -7.9182830e-01
  -4.5474183e-01  -1.3281433e+00
  -8.0738801e-01  -4.7867672e-01
  -9.4376127e-01  -7.8833712e-01
  -2.4527286e-01  -1.3481362e+00
  -7.8298753e-01  -2.3259594e-01
  -1.3304438e+00  -5.8537594e-01
  -3.6188780e-01  -8.5535636e-01
  -7.1379906e-01  -1.0634620e+00
  -5.5944174e-01  -3.5116364e-01
  -8.0222039e-01  -3.5729570e-01
  -5.4466384e-01  -9.3427185e-01
  -1.4244929e+00  -1.6078665e-01
  -5.0368263e-01  -1.0804999e+00
  -2.9371062e-01  -1.1687323e+00
  -6.6990380e-01  -2.1546134e-01
  -9.9418173e-01  -3.4034647e-01
  -8.8587360e-01  -9.9659995e-01
  -8.8587360e-01  -9.9659995e-01
  -7.7836374e-01  -3.3217413e-01
  -8.7331077e-01  -6.0730315e-01
  -1.4772509e+00  -9.6571517e-01
  -1.5472419e+00  -5.3463046e-01
  -1.3676826e+00  -3.7211150e-01
  -1.5455877e+00  -4.4227346e-01
  -1.2541163e+00  -1.1003148e+00
  -1.1881846e+00  -1.4267499e-01
  -9.4551555e-01  -7.9082899e-01
  -1.4241016e+00  -8.1811611e-01
  -9.1337306e-01  -1.4200859e+00
  -8.0236096e-01  -7.1641743e-01
  -3.9841536e-01  -6.3827541e-01
  -9.4947769e-01  -9.2573186e-01
  -7.3543600e-01  -7.4176069e-01
  -1.2811624e-01  -1.3437832e+00
  -1.4725720e+00  -8.9135614e-01
  -5.0995907e-01  -5.5206860e-01
  -2.4130069e-01  -1.2515980e+00
  -1.0205896e+00  -6.6418427e-01
  -1.1045064e+00  -9.4901747e-01
  -9.6136937e-01  -7.3597894e-01
  -5.1849223e-01  -4.3967153e-01
  -6.5161361e-01  -5.0914351e-01
  -6.2043230e-01  -4.3227713e-01
  -1.4966933e+00  -8.5060230e-01
  -6.1569627e-01  -2.9260154e-01
  -6.3848972e-01  -9.3565023e-01
  -6.5473058e-01  -1.1189894e+00
  -4.6871993e-01  -8.7306774e-01
  -7.7885157e-01  -8.9189819e-01
  -6.7310972e-01  -4.8504932e-01
  -8.6957924e-01  -8.5520834e-01
  -7.9775375e-01  -8.5998553e-01
  -7.6166479e-01  -1.2094055e+00
  -8.4864727e-01  -3.4286995e-01
  -3.5988795e-01   2.9515993e-01
  -1.4922962e+00  -5.8385423e-01
  -9.0757152e-01  -9.6392647e-01
  -9.8989189e-01  -1.8210378e+00
  -1.5318528e+00  -9.6489840e-01
  -1.7530447e+00  -4.6383889e-01
  -5.3851127e-01  -1.0314938e+00
  -7.5870412e-01  -7.1170586e-01
  -2.5002863e-01  -2.4105218e-01
  -4.2333092e-01  -7.3840768e-01
  -4.2333092e-01  -7.3840768e-01
  -4.1741446e-01  -1.0034564e+00
  -9.6725300e-01  -9.7074680e-01
  -2.4502384e+00  -7.2237813e-01
  -4.8185937e-01  -9.1049498e-01
  -1.5813639e-01  -5.9015355e-01
  -5.7015356e-01  -8.2920348e-01
  -6.6949232e-01  -8.8589118e-01
  -7.5881579e-01  -8.7065481e-01
  -1.2323639e+00  -7.7824517e-01
  -1.3929845e+00  -7.1089488e-01
  -1.7346707e+00  -7.4274112e-01
  -5.2006544e-01  -1.3078127e+00
  -1.7340725e-01  -1.0653000e+00
  -1.0312871e+00  -1.0816854e+00
  -1.3191733e+00  -6.8164992e-01
  -1.8928004e+00  -1.3597058e+00
  -6.2167671e-01  -1.2316246e+00
  -7.3119648e-01  -9.3076122e-01
  -5.9624647e-01  -1.0990360e+00
  -6.5606265e-01  -4.9083880e-01
  -9.2076458e-01  -1.0782286e+00
  -1.1246910e+00  -6.7178061e-01
  -3.8192423e-01  -3.0843176e-01
  -4.8797143e-01  -9.3658301e-01
  -1.6113729e+00  -4.6450712e-01
  -9.2097423e-01  -5.1270029e-01
  -1.4070289e+00  -1.2666454e+00
  -9.4965047e-01  -1.4939213e+00
  -1.0233681e+00  -1.0374002e+00
  -8.7566183e-01  -1.1690671e+00
  -8.8100447e-01  -1.0981939e+00
  -1.4403644e+00  -1.1332846e+00
  -2.3103188e+00  -4.8913445e-01
  -1.1587464e+00  -6.7811326e-01
  -6.4218749e-01  -6.8550029e-01
  -1.2563347e+00  -1.2291482e+00
  -7.0614964e-01  -5.3268055e-01
  -8.6490247e-01  -7.4643782e-01
  -6.2602338e-01  -6.2157660e-01
  -4.8829850e-01  -7.9650387e-01
  -7.4456898e-01  -8.4898421e-01
  -1.1038295e+00  -9.5846778e-01
  -5.8638309e-01  -4.8304820e-01
  -9.9377797e-01  -6.3520837e-01
  -4.1243964e-01  -5.6169101e-01
  -7.2381165e-01  -5.6279088e-01
  -3.1832685e-01  -6.0704706e-01
  -3.1832685e-01  -6.0704706e-01
  -5.3658401e-01  -5.9206852e-01
  -1.1057851e+00  -5.1561538e-01
  -2.9746604e-01  -2.6967376e-01
  -1.1120992e+00  -8.2970062e-01
  -6.5517918e-01  -3.2318750e-01
  -6.1371970e-01  -5.9581677e-01
  -6.2151692e-01  -6.1037610e-01
  -1.1773800e+00  -9.8001456e-01
  -6.5427253e-01  -1.7208772e+00
  -8.6292084e-01  -9.4457015e-01
  -6.0328798e-01  -8.3570416e-01
  -1.1003965e+00  -1.1309648e+00
  -6.3404576e-01  -6.2900893e-01
  -6.3404576e-01  -6.2900893e-01
  -6.8726724e-01  -1.0450711e+00
  -1.0482789e+00  -4.9825307e-01
  -7.1559126e-01  -5.8006520e-01
  -1.5331556e+00  -5.9560724e-01
  -1.1499160e+00  -1.7649682e-01
  -1.2884895e+00  -4.9271249e-01
  -1.1340814e+00  -1.0416185e+00
  -3.2670020e-01  -6.0892899e-01
  -7.6653642e-01  -3.7253892e-01
  -4.7831556e-01  -1.0042359e+00
  -4.5239199e-01  -8.8836801e-01
  -4.6075273e-01  -7.9594271e-01
  -8.0745502e-01  -1.3152069e+00
  -9.8388680e-01  -7.4227700e-01
  -1.2211930e+00  -9.2050271e-01
  -6.1397288e-01  -1.0288047e+00
  -1.6811492e+00  -6.2039055e-01
  -6.0292320e-01  -1.3454426e+00
  -1.4626108e+00  -5.8021491e-01
  -4.3864400e-01  -3.2146621e-01
  -1.4104767e+00  -5.9564406e-01
  -5.7853922e-01  -9.1704361e-01
  -6.5445077e-01  -2.0495402e-01
  -2.0077484e-01  -7.2015376e-01
  -2.7001035e-01  -2.9297498e-02
  -8.6288427e-01  -9.2082741e-01
  -1.3905074e+00  -5.0712808e-01
  -3.9950886e-01  -1.5653930e-01
  -5.3334837e-01  -1.0237933e-01
  -8.8148215e-01  -1.6121605e+00
  -7.6067206e-01  -1.3212766e+00
  -9.4469430e-01  -8.4975095e-01
  -9.5182449e-01  -1.2351715e+00
  -6.2574704e-01  -5.5941079e-01
  -5.6911853e-01  -1.4930387e+00
  -5.6911853e-01  -1.4930387e+00
  -6.1359475e-01  -4.3061700e-01
  -4.8799700e-01  -1.1691001e-01
  -5.4612640e-01  -1.3727415e+00
  -1.0093306e+00  -1.1948994e+00
  -7.2145326e-01  -1.0146063e+00
  -1.0420745e+00  -6.7733415e-01
  -8.7942548e-01  -1.5654747e+00
  -1.6442616e+00  -1.2750208e+00
  -9.5541031e-01  -9.0619239e-01
  -8.5966475e-01  -1.3142324e+00
  -1.3608005e+00  -6.4477618e-01
  -1.1170737e+00  -1.0589407e+00
  -7.2011824e-01  -3.7224678e-01
  -7.4854238e-01  -8.7829298e-01
  -7.0800741e-01  -5.7870121e-01
  -2.0201092e+00  -2.5618725e-01
  -7.7104476e-01  -1.6498295e-01
  -1.5508892e+00  -6.6495225e-01
  -6.6849225e-01  -5.8498093e-01
  -6.5074709e-01  -1.2089421e+00
  -3.9773465e-01  -1.7685287e+00
  -4.4912863e-01  -1.3008648e+00
  -1.2175842e+00  -5.9267725e-01
  -3.5246218e-01  -1.6966743e+00
  -1.3650553e+00  -7.8770116e-01
  -1.2682409e+00  -6.5396930e-01
  -4.9911913e-01  -1.2567947e+00
  -6.6217001e-01  -4.5458662e-01
  -1.1088929e+00  -4.4343606e-01
  -7.5912219e-01  -4.9782226e-01
  -7.5912219e-01  -4.9782226e-01
  -9.2404397e-01  -7.7541914e-01
  -3.3429250e-01  -5.3597033e-01
  -4.3081055e-01  -5.2148787e-01
  -1.3769332e+00  -5.0905152e-01
  -4.5187428e-01  -5.1086500e-01
  -2.3044337e+00  -6.4456533e-01
  -1.5555950e+00  -5.3138633e-01
  -1.1357178e+00  -1.0245875e+00
  -2.3669602e+00  -3.5581527e-01
  -8.2638336e-01  -7.2114186e-01
  -2.7626777e-01  -9.5431910e-01
  -6.4726513e-01  -8.0036225e-01
  -5.9339572e-01  -1.3392985e+00
  -1.7229922e-01  -1.3006023e+00
  -1.1361262e+00  -4.3273676e-01
  -1.3232434e+00  -4.8343782e-01
  -8.0611415e-01  -9.7569838e-01
  -7.2242998e-01  -1.3469016e+00
  -8.7273279e-01  -7.7677098e-01
  -4.8791550e-01  -9.6462154e-01
  -6.0316811e-01  -7.4514716e-01
  -7.1450848e-01  -1.3166382e+00
  -1.5113496e+00  -9.2186282e-01
  -9.5955409e-01  -5.9792110e-01
  -1.1474062e+00  -8.4019754e-01
  -2.4275773e-01  -1.2285086e+00
  -9.7167637e-01  -1.5150846e+00
  -5.7968649e-01  -7.8231811e-01
  -1.0735819e+00  -5.5096192e-01
  -4.5519761e-01  -9.2565324e-01
  -1.6065913e-01  -3.8697221e-01
  -5.8366697e-01  -1.3132475e+00
  -6.4940696e-01  -6.7284764e-01
  -9.9213950e-01  -8.8629702e-01
  -1.9325656e+00  -8.7776548e-01
  -1.0579109e+00  -1.0120752e+00
  -6.5573033e-01  -8.1760280e-01
  -1.8120936e+00  -2.5487285e-01
  -2.6580323e+00  -5.1484185e-01
  -1.0811760e+00  -3.6230330e-01
  -6.5599018e-01  -3.3904141e-01
  -1.1634382e+00  -1.1419266e+00
  -1.0873765e+00  -9.0275513e-01
  -2.4112550e-01  -1.4681105e+00
  -8.4805535e-01  -1.3157682e+00
  -3.4073857e-01  -6.8899948e-01
  -1.4025004e+00  -6.4283907e-01
  -1.3127152e+00  -6.9801427e-01
  -6.3738973e-01  -1.0743791e+00
  -1.1107473e+00  -1.0652981e+00
  -1.1226700e+00  -1.2591871e+00
  -7.8960394e-01  -9.1992510e-01
  -1.0913847e+00  -2.9789886e-01
  -1.7460293e+00  -8.7021449e-01
  -1.2454081e+00  -8.8504367e-01
  -1.4879521e+00  -8.4829871e-01
  -9.9165196e-01  -1.4647446e+00
  -1.6258164e+00  -1.0200115e+00
  -1.3085265e+00  -1.5164612e-01
  -1.0910428e+00   2.3350106e-01
  -1.1829898e+00  -7.8207591e-01
  -5.8303169e-01  -4.0178229e-01
  -6.0819505e-01  -7.0595130e-01
  -3.1636817e-01  -4.7524934e-01
  -9.8589646e-01  -1.0653729e+00
  -9.4152206e-01  -1.0275270e+00
  -1.2739671e+00  -7.5240377e-01
  -4.6660633e-01  -3.8936537e-01
  -8.5818527e-01  -1.0374488e+00
  -8.8586518e-01  -9.0123632e-01
  -6.2054665e-01  -9.5122126e-01
  -1.5666537e+00  -7.8827527e-01
  -7.3496057e-01  -7.2863624e-01
  -1.1013031e+00  -1.1652058e+00
  -8.1421965e-01  -1.2619163e+00
  -4.2758620e-01  -1.3286069e+00
  -1.3834756e+00  -3.0603719e-01
  -8.6125402e-01  -3.8258362e-01
  -9.5133691e-01  -1.2131135e+00
  -1.3693738e+00  -4.0274304e-01
  -1.2793405e+00   8.8029973e-02
  -5.1232258e-01  -7.1922711e-01
  -6.7452184e-01  -1.3656132e+00
  -7.2025361e-01  -1.3191190e+00
  -7.5599376e-01  -4.5775451e-01
  -8.6219215e-01  -1.2294614e+00
  -3.5096808e-01  -1.3363016e+00
  -3.9315237e-01  -1.0937755e+00
  -6.3942693e-01  -8.9966681e-01
  -8.7220777e-01  -5.8256470e-01
  -1.7724849e+00  -7.7354089e-01
  -1.0088090e+00  -9.0119159e-01
  -4.6918796e-01  -8.6357016e-01
  -1.7379417e+00  -2.5478075e-01
  -1.5666463e+00  -3.7921119e-01
  -9.8467810e-01  -6.7193521e-01
  -7.2269338e-01  -7.3245264e-01
  -7.2269338e-01  -7.3245264e-01
  -8.5214820e-01  -1.0590136e+00
  -8.0178825e-01  -8.6175924e-01
  -4.6792772e-01  -8.8789650e-01
  -4.6792772e-01  -8.8789650e-01
  -4.0451037e-01  -4.8644591e-01
  -4.4548262e-01  -1.6351269e-02
  -1.4975964e+00  -7.7193625e-01
  -5.0988740e-01  -9.2182423e-01
  -7.6621982e-01  -8.3608002e-02
  -1.4837130e+00  -8.9788238e-01
  -1.2251516e+00  -7.6570829e-01
  -5.0142030e-01  -4.2620473e-01
  -6.0258769e-01  -4.9172207e-01
  -1.3707154e+00  -5.6504209e-01
  -1.7287838e+00  -2.5518403e-01
  -7.4832222e-01  -1.1344104e+00
  -5.3014240e-01  -4.9892613e-01
  -4.0370811e-01   1.2407216e-01
  -1.2537305e+00  -7.7142114e-02
  -1.2479918e+00  -8.1927887e-01
  -6.6579747e-01  -5.5651766e-01
  -8.5609905e-01  -5.7762067e-01
  -6.7022912e-01  -1.5552151e-01
  -1.5109284e+00  -1.2556531e-01
  -4.0225549e-01  -6.3116427e-01
  -3.3136694e-01  -3.0489093e-01
  -3.3136694e-01  -3.0489093e-01
  -1.6595176e+00   4.4153385e-02
  -1.2183730e-01  -1.1538192e+00
  -1.2071092e+00  -5.4798709e-01
  -1.3801139e+00  -8.3998152e-01
  -1.3801139e+00  -8.3998152e-01
  -1.2045400e+00  -7.8159134e-01
  -4.5152929e-01  -1.2896922e+00
  -7.0836089e-01  -1.1732431e+00
  -7.6679673e-01  -9.6894290e-01
  -4.3192590e-01  -1.1474474e+00
  -1.1545254e+00  -6.5415318e-01
  -1.9265016e-01  -1.4041800e+00
  -7.8290911e-01  -9.6055056e-01
  -1.1150658e+00  -1.1090303e+00
  -2.9516855e-01  -1.3754007e+00
  -5.7213902e-01  -3.4978016e-01
  -5.7213902e-01  -3.4978016e-01
  -7.3930568e-01  -5.1515937e-01
  -2.6618225e-01  -7.2834608e-01
  -1.0652866e+00  -6.5100120e-01
  -5.2372611e-01  -7.6195457e-01
  -5.4655937e-01  -5.3811588e-01
  -6.2105420e-01  -8.9846603e-01
  -1.0356245e+00  -1.1724907e+00
  -1.0356245e+00  -1.1724907e+00
  -5.8356986e-01  -1.4175944e+00
  -5.8197563e-01  -6.8870466e-01
  -8.1695617e-01  -1.0046981e+00
  -1.8020666e+00  -2.1996087e-01
  -5.2459293e-01  -1.5670538e+00
  -1.2336212e+00  -4.2701205e-02
  -1.4377698e+00  -4.2784959e-01
  -7.7617771e-01  -7.5061744e-01
  -1.3107781e+00  -1.6471348e+00
  -1.3391026e+00  -1.0880211e+00
  -7.6450782e-01  -9.3177222e-01
  -2.9578949e-01  -8.4465727e-01
  -9.3180209e-01  -2.7817667e-01
  -9.0984015e-01  -5.4638670e-01
  -1.7453832e+00  -5.9075118e-01
  -8.5300689e-01  -8.7684870e-01
  -4.7305238e-01  -9.8182529e-01
  -1.1111657e+00  -1.0721313e+00
  -8.2366517e-01  -7.6633763e-02
  -7.5571001e-01  -3.8656857e-01
  -6.0627154e-01  -4.2264548e-01
  -5.5431550e-01   9.5553288e-02
  -6.5956034e-01  -1.1310154e+00
  -8.4837553e-01  -7.3128655e-01
  -1.5511491e+00  -5.8677569e-01
  -7.5205386e-01  -8.8921224e-01
  -1.0503955e+00  -1.0068214e+00
  -7.8809857e-01  -9.7474376e-01
  -3.0517865e-01  -1.5863798e+00
  -1.4460539e+00  -1.3642654e+00
  -9.2902796e-01  -1.0901145e+00
  -9.2902796e-01  -1.0901145e+00
  -8.3145269e-01  -6.0346930e-01
  -2.0162292e-01  -4.4500920e-01
  -8.8601748e-01  -1.3853666e+00
  -1.0283626e+00  -1.0983329e+00
  -7.9539716e-01  -7.4426692e-01
  -5.0081765e-01  -1.2574105e+00
  -6.7268446e-01  -9.2097397e-01
  -4.9998075e-01  -5.1623856e-02
  -1.0219732e+00  -9.7576145e-01
  -1.1162402e+00  -8.5842146e-01
  -1.3026911e+00  -8.0174840e-01
  -9.4058617e-01  -7.0492396e-01
  -2.9250067e-01  -8.1798141e-01
  -7.4442465e-01  -1.3277710e+00
  -1.7169951e+00  -1.1025484e+00
  -9.0102449e-01  -1.3568180e-02
  -2.1848793e+00  -2.1156919e-01
  -1.5295507e+00  -3.2769250e-01
  -5.2622769e-01  -3.4573573e-01
  -3.5437567e-01  -7.7755566e-01
  -5.9261678e-01  -1.1251528e+00
  -2.8050758e-01  -7.4542501e-01
  -5.7987001e-01  -2.9522514e-01
  -1.4632918e+00  -6.3431965e-01
  -2.4253564e+00  -3.6712699e-01
  -8.2711610e-01  -1.4397890e+00
  -8.1904260e-01  -9.7468900e-01
  -5.0536903e-01  -7.4616655e-01
  -1.2398269e+00  -1.2855483e+00
  -1.0329087e+00   7.1468620e-02
  -1.0284520e+00  -8.0863119e-01
  -8.0103113e-01  -9.1375635e-02
  -8.3205540e-01  -6.0165736e-01
  -1.2608023e+00  -9.7063910e-01
  -8.0261006e-01  -1.0109093e+00
  -1.1799849e+00  -1.7544722e+00
  -6.9080437e-01  -1.2750669e+00
  -6.6194395e-01  -7.3485993e-01
  -2.7181203e+00  -1.9134688e-01
  -3.7213756e+00  -7.8405183e-01
  -3.1243527e+00  -5.8411330e-01
  -2.3632108e+00  -1.0912689e+00
  -1.2679745e+00  -1.0323790e+00
  -1.3677352e+00  -9.8247666e-01
  -1.2128544e+00  -9.7698734e-01
  -2.1507598e+00  -7.7399120e-01
  -1.9831718e+00  -4.7667594e-01
  -7.6449978e-01  -1.6229649e+00
  -7.4332412e-02  -5.9917028e-01
  -7.8338981e-01  -3.5917335e-01
  -8.9927797e-01  -1.4735802e+00
  -6.4209167e-01  -1.4839946e+00
  -6.9691139e-01  -1.2711328e+00
  -4.2674176e-01  -7.5444835e-02
  -4.7466578e-01  -8.0150892e-01
  -1.9657728e+00  -2.8706980e-01
  -4.7238298e-01  -8.5579312e-01
  -1.3358800e+00  -2.7880342e-01
  -1.1079402e+00  -4.0293239e-01
  -3.2273956e-01  -6.6908687e-01
  -3.2273956e-01  -6.6908687e-01
  -7.1651466e-01  -1.2839199e+00
  -3.5756386e-01  -1.8736273e+00
  -1.7469651e+00  -1.0917719e+00
  -6.0201828e-01  -7.2077287e-01
  -7.1105464e-01  -1.2577485e+00
  -1.1979100e+00  -1.5469742e+00
  -2.2428210e+00  -7.8588539e-01
  -4.3100168e-01  -6.9887360e-01
  -6.6044299e-01  -3.4994752e-01
  -4.7135923e-01  -9.4195423e-01
  -4.9732998e-01  -1.1495116e+00
  -6.4759509e-01  -1.0920827e+00
  -8.3990447e-01  -3.7728315e-01
  -1.0588839e+00  -1.2082874e+00
  -6.9475236e-01  -6.7742981e-01
  -4.1748303e-01  -1.2750771e-01
  -4.1767455e-01  -2.8092596e-01
  -5.9459427e-01  -4.8033976e-01
  -7.2200541e-01  -1.1883077e+00
  -4.4704442e-01  -9.4341644e-01
  -8.0908079e-01  -4.3385481e-01
  -9.1992801e-01  -5.1986053e-01
  -3.6328611e-01  -7.0698860e-01
  -1.5034139e+00  -4.4866672e-01
  -6.3964664e-01  -6.5859010e-01
  -6.3964664e-01  -6.5859010e-01
  -6.3964664e-01  -6.5859010e-01
  -3.6199718e-01  -1.4009713e+00
  -1.8411556e+00  -3.2328363e-01
  -6.4342269e-01  -9.7413351e-01
  -1.5675821e+00  -8.4443060e-01
  -8.1792391e-01  -1.5968691e+00
  -6.0919643e-01  -3.8007835e-01
  -2.3905418e-01  -2.9758206e-01
  -5.7354672e-01  -5.1433454e-01
  -6.6075854e-01  -3.9519195e-01
  -6.0149336e-01  -7.7933570e-01
  -1.7732565e+00  -7.9342151e-01
  -2.4589913e-01  -1.2566391e+00
  -1.3610316e+00  -1.4172428e+00
  -1.4317581e+00  -7.5018320e-01
  -1.0462036e+00  -1.1658446e+00
  -4.4616272e-01  -4.1503416e-01
  -6.4160066e-01  -8.0509295e-01
  -5.6409750e-01  -1.0613733e+00
  -8.3234711e-01  -5.7683579e-01
  -8.3234711e-01  -5.7683579e-01
  -1.0093324e+00  -8.0332532e-01
  -1.2144934e+00  -7.2261492e-01
  -1.2950714e+00  -1.0918396e+00
  -1.1291762e+00  -1.0427786e+00
  -6.5411131e-01  -9.7360715e-01
  -1.4254098e+00  -6.5997610e-01
  -1.0964192e+00  -5.9823961e-01
  -3.9155855e-01  -5.8533095e-01
  -3.9155855e-01  -5.8533095e-01
  -7.4859286e-01  -1.6310996e+00
  -6.7640033e-01  -1.5646904e+00
  -1.9299107e-01  -1.4408234e+00
  -9.4865439e-01  -9.7831411e-01
  -1.6087895e+00  -5.4254583e-01
  -8.0272638e-01  -1.1368867e+00
  -1.0385178e+00  -9.7058626e-01
  -1.6757763e+00  -6.7484505e-01
  -4.3395351e-01  -4.5538882e-01
  -7.1944305e-01  -8.6479897e-01
  -1.4416030e+00  -7.5783656e-01
  -7.9479535e-01  -1.2096241e+00
  -7.9723358e-01  -1.0359494e+00
  -9.8708058e-01  -6.7622124e-01
  -9.9222732e-01  -3.1217493e-01
  -3.4757998e-01  -8.9633684e-01
  -1.0540000e+00  -1.2002815e+00
  -5.3515529e-01  -1.2939057e+00
  -4.6026490e-01  -4.3119237e-01
  -5.0619329e-01  -4.3011751e-02
  -7.7482426e-01  -6.3683585e-01
  -1.7242094e+00  -1.0398373e+00
  -9.2453049e-01  -3.8495448e-01
  -9.4622916e-01  -5.2976719e-01
  -1.0787894e+00  -8.5131704e-01
  -9.1824146e-01  -4.2175245e-01
  -6.7050023e-01  -4.0978956e-01
  -1.0849360e-01  -1.2719338e+00
  -1.1367070e+00  -8.5540369e-01
  -8.9327615e-01  -4.1927452e-01
  -1.3576888e+00  -1.2704212e+00
  -1.0861973e+00  -7.8971766e-01
  -5.8550844e-01  -8.1468114e-01
  -7.6455589e-01  -7.3477564e-01
  -1.2879871e+00  -1.3913800e+00
  -1.3395943e+00  -7.3656720e-01
  -5.6116595e-01  -9.3916345e-01
  -6.7618656e-01  -8.6710108e-01
  -2.7274556e-01  -6.1460864e-01
  -5.7024471e-01  -8.9692832e-01
  -8.1815915e-01  -9.0079447e-01
  -6.8974881e-01  -1.3618561e+00
  -5.1844136e-01  -7.5179156e-01
  -6.4529630e-01  -5.5771846e-01
  -1.0033051e+00  -9.6714074e-01
  -3.5666140e-01  -4.3956400e-01
  -9.4678592e-01  -6.3086904e-01
  -4.5928486e-01  -6.1808298e-01
  -6.3265548e-01  -3.1253402e-01
  -6.3074525e-01  -1.6713725e+00
  -1.2247077e+00  -1.0549619e+00
  -1.0584532e+00  -4.5295495e-01
  -1.0367956e+00  -4.6230558e-01
  -1.8441301e+00  -5.6010960e-01
  -5.6248662e-01  -1.0154775e+00
  -6.7609664e-01  -1.5827486e+00
  -7.4345488e-01  -4.4861545e-02
  -1.1742042e+00  -9.5498252e-01
  -1.5286063e+00  -8.4488842e-01
  -1.5496212e+00  -6.6244416e-01
  -7.8136363e-01  -9.8405981e-01
  -1.0870513e+00  -8.6691563e-01
  -5.6366007e-01  -1.3898915e+00
  -1.2875028e+00  -6.9946664e-01
  -2.8086674e-01  -3.7389379e-01
  -1.1331105e+00  -8.7428355e-01
  -1.2026568e+00  -7.0759905e-01
  -4.6212838e-01  -7.1068946e-01
  -3.7882856e-01  -6.8030658e-01
  -3.7882856e-01  -6.8030658e-01
  -8.0926341e-01  -4.1649588e-01
  -7.8686941e-01  -4.3608029e-01
  -9.0084040e-01  -3.5445511e-01
  -4.0454601e-01  -1.5478587e+00
  -8.2784058e-01  -9.7616717e-01
  -1.3241566e+00  -5.5153604e-01
  -1.5861871e+00  -7.4695951e-01
  -2.2413772e+00  -5.9801934e-01
  -8.6306783e-01  -4.9599335e-01
  -5.9464164e-01  -4.0544779e-01
  -8.9242367e-01  -8.1645022e-01
  -8.9242367e-01  -8.1645022e-01
  -2.1913481e-01  -1.1204224e+00
  -1.2490735e+00  -7.6804256e-02
  -1.2034836e+00  -6.5327346e-01
  -2.3315687e+00  -8.0775636e-01
  -8.3419490e-01  -1.0383962e+00
  -5.3266346e-01  -9.7721558e-01
  -4.8890004e-01  -9.4626715e-01
  -2.2864281e-01  -1.7223974e+00
  -5.4734523e-01  -3.0012807e-01
  -8.0035329e-01  -5.2779515e-02
  -6.6508869e-01  -6.5340266e-01
  -6.6508869e-01  -6.5340266e-01
  -6.0339153e-01  -1.2895902e+00
  -6.0339153e-01  -1.2895902e+00
  -6.8906812e-01  -1.4985952e+00
  -7.9295125e-01  -4.2642375e-01
  -5.4600493e-01  -1.2947851e+00
  -9.3475883e-01  -6.2428415e-01
  -3.0948494e-01  -2.4208239e-01
  -1.4086570e+00  -1.3907018e+00
  -9.5961806e-01  -6.0253217e-01
  -9.6433393e-01  -4.5317921e-01
  -1.3683718e+00  -4.0687957e-01
  -1.3640761e+00  -6.3149245e-01
  -5.2912926e-01  -1.0052376e+00
  -4.5863602e-01  -4.9158023e-01
  -5.5380441e-01  -4.2680429e-01
  -1.0982862e+00  -2.1668144e-01
  -3.2272412e-01  -1.2346226e+00
  -8.0542984e-01  -5.6366020e-01
  -1.5748926e+00  -6.4253743e-01
  -1.2597248e+00  -7.4416778e-01
  -1.7174385e+00  -1.2760490e+00
  -4.1028422e-01  -1.5986005e+00
  -1.0151706e+00  -1.3177155e+00
  -2.1903283e+00  -3.5622618e-01
  -1.0702229e+00  -1.2218186e+00
  -2.4710226e-01  -1.1676644e+00
  -3.1026151e-01  -1.1129063e+00
  -1.2035757e+00  -7.6290459e-01
  -1.4647506e+00  -9.2375599e-01
  -1.0297018e+00  -8.3929756e-01
  -9.8599888e-01  -3.1339441e-01
  -9.3234713e-01  -6.9163970e-01
  -6.5378135e-01  -5.7579138e-01
  -8.0101165e-01  -5.7079481e-01
  -4.7657984e-01  -1.2609882e+00
  -1.1848043e+00  -8.0432263e-01
  -8.5872838e-01  -1.0462557e+00
  -4.6384047e-01  -1.2101784e+00
  -1.0247244e+00  -9.4218823e-01
  -9.8875652e-01   3.5320129e-02
  -1.2959174e+00  -5.7063683e-01
  -1.3734227e+00  -3.0735884e-01
  -8.4788906e-01  -9.7196580e-01
  -1.2200311e+00  -6.7005158e-01
  -1.2200311e+00  -6.7005158e-01
  -1.2909134e+00  -9.9439302e-01
  -4.8523463e-01  -8.6372827e-01
  -8.8031819e-01  -8.1835279e-01
  -1.1613181e+00  -8.8056047e-01
  -8.2187715e-01  -6.9427144e-01
  -8.2187715e-01  -6.9427144e-01
  -3.7947350e-01  -6.4974898e-01
  -1.1790464e+00  -5.9992978e-01
  -1.0615814e+00  -9.9543670e-01
  -1.3525803e+00  -8.2815826e-01
  -1.3064335e+00  -3.0187817e-01
  -8.6953808e-01  -4.9640064e-01
  -3.2868337e-01  -1.1466426e+00
  -2.3237203e-01   2.5239179e-01
  -2.2873512e-01  -2.1795671e-01
  -1.2461750e+00  -6.9674811e-01
  -3.3885173e-01  -1.1729049e+00
  -1.0324182e+00  -8.5792037e-01
  -5.5249198e-01  -1.0316020e+00
  -5.2449313e-01  -1.3611698e+00
  -3.5905564e-01  -7.9479290e-01
  -1.6269278e+00  -6.1135275e-01
  -1.4645485e+00  -9.0868160e-01
  -6.8193189e-01  -7.2047174e-01
  -7.9336357e-01  -1.4155864e-01
  -1.1464661e+00  -4.4487487e-01
  -9.8833864e-01  -1.1858131e+00
  -4.0821364e-01  -2.5176930e-01
  -7.6208823e-01  -4.4876141e-01
  -7.8833114e-01  -4.3905549e-01
  -4.7007502e-01  -7.8637241e-01
  -1.4479302e+00  -5.9086492e-01
  -1.2635100e+00  -8.0778613e-01
  -5.4843918e-01  -8.0251269e-02
  -1.0183855e+00  -4.3526083e-01
  -1.0627097e+00  -4.1908531e-01
  -1.4738846e+00  -1.0685980e+00
  -1.7083677e+00  -6.1090064e-01
  -1.6649163e+00  -6.1757141e-01
  -3.8375324e-01   3.3013533e-01
  -3.8375324e-01   3.3013533e-01
  -7.1140180e-01  -1.6329222e-01
  -5.3717731e-01  -1.5398535e+00
  -1.0637602e+00  -5.1435692e-01
  -1.0901680e+00  -1.2522545e+00
  -1.5023431e+00  -1.2828589e+00
  -8.1477607e-01  -4.7496457e-01
  -1.5909449e+00  -8.5097563e-01
  -5.6195841e-01  -3.5383197e-01
  -8.7571429e-01  -1.3031066e+00
  -1.8658662e+00  -1.3044182e+00
  -8.2028539e-01  -1.0905440e+00
  -2.9854545e-01  -6.8156298e-01
  -1.1140668e+00  -6.7890456e-01
  -9.7093555e-01  -6.8439632e-01
  -9.1038916e-01  -7.9745293e-01
  -6.8905130e-01  -9.6359254e-01
  -6.4975274e-01  -2.5423652e-01
  -9.4195208e-01   5.7311914e-02
  -1.3625045e+00  -2.1861291e-01
  -1.1103828e+00  -3.4767969e-01
  -8.8910492e-01  -1.0739635e+00
  -1.2430193e+00  -4.0091090e-01
  -1.1847919e+00  -4.6536042e-01
  -1.1507294e+00  -3.4962732e-01
