   4.8023930e-01  -1.3505375e+00
   2.7032501e-01  -8.8328157e-01
   3.6769895e-01  -1.3132601e+00
   3.5381060e-01  -1.0085209e+00
   6.0703158e-01  -1.5665567e+00
   1.2961611e-01  -6.7974712e-01
   2.9160990e-01  -9.3951842e-01
   2.6722454e-01  -6.7675385e-01
   2.6753008e-01  -6.2658049e-01
   1.9787742e-01  -8.1264973e-01
   3.7817877e-01  -1.2361816e+00
   2.9621471e-01  -8.9667916e-01
   3.6646580e-01  -1.4096540e+00
   2.5114053e-01  -8.2246195e-01
   3.6411304e-01  -1.0408990e+00
   3.4231363e-01  -1.1921001e+00
   3.4140387e-01  -1.1288637e+00
   2.4895245e-01  -7.3209924e-01
   3.0169962e-01  -1.5173243e+00
   5.9572024e-01  -1.7196962e+00
   6.0163865e-01  -1.7650252e+00
   1.1457399e-01  -6.3309889e-01
   3.8405135e-01  -7.0647185e-01
   3.3227200e-01  -9.9415019e-01
   1.7057048e-01  -8.1005626e-01
   2.4679311e-01  -5.3398224e-01
   5.4814529e-01  -1.0422253e+00
   3.7891399e-01  -1.0012512e+00
   4.2544901e-01  -1.4032457e+00
   2.5444725e-01  -8.4688862e-01
   3.0676256e-01  -9.3951182e-01
   2.9419593e-01  -1.1080982e+00
   8.9490609e-02  -7.2132673e-01
   1.3942214e-01  -5.2828578e-01
   2.8445102e-01  -8.3973475e-01
   4.1790237e-01  -1.1111220e+00
   1.8771968e-01  -1.2582107e+00
   4.0283269e-01  -6.7523060e-01
   2.2536196e-01  -1.1340066e+00
   6.8414936e-01  -1.3194615e+00
   2.8582277e-01  -5.4999883e-01
   1.2419888e-01  -8.5911957e-01
   4.1063478e-01  -1.1808554e+00
   3.8925211e-01  -4.1515566e-01
   2.8142286e-01  -5.7893532e-01
   4.2979131e-01  -7.7705991e-01
   1.4488965e-01  -7.5376341e-01
   5.0868514e-01  -1.2706229e+00
   4.0864182e-01  -7.6058137e-01
   5.5652234e-01  -1.0250475e+00
   1.1304657e-01  -7.4042810e-01
   2.3734088e-01  -8.0160806e-01
   1.9278130e-01  -9.9856689e-01
   3.7824260e-01  -7.4776091e-01
   2.1028508e-01  -8.5304590e-01
   3.2394008e-01  -9.9295656e-01
   3.5137891e-01  -1.0129682e+00
   3.5256117e-01  -1.0606655e+00
   3.3064192e-01  -9.3754662e-01
   1.9040191e-01  -5.2828026e-01
   5.2540135e-01  -1.4926802e+00
   3.4186737e-01  -1.1817635e+00
   4.4055449e-01  -1.3202488e+00
   3.4234864e-01  -1.1956288e+00
   3.7457384e-01  -1.0264140e+00
   4.1525272e-01  -1.3894549e+00
   3.1739528e-01  -1.2827384e+00
   4.0755346e-01  -7.8383596e-01
   3.4766070e-01  -7.5871320e-01
   2.2003506e-01  -1.0566663e+00
   2.8953543e-01  -6.3351316e-01
   3.6954938e-01  -1.3409124e+00
   5.3798426e-01  -1.1000339e+00
   2.0451027e-01  -7.7626093e-01
   3.0270842e-01  -3.9610997e-01
   2.8601675e-01  -7.4246676e-01
   2.8422327e-01  -1.0592890e+00
   3.4444691e-01  -1.1565934e+00
   1.2687688e-01  -4.7734210e-01
   4.4155982e-01  -1.2622621e+00
   3.5868697e-01  -1.2492222e+00
   2.6579940e-01  -1.1817491e+00
   5.4938037e-01  -1.5639867e+00
   2.7229419e-01  -5.4996293e-01
   4.7070760e-01  -1.4602782e+00
   4.2604387e-01  -9.3732566e-01
   3.8520974e-01  -1.0332783e+00
   9.9032675e-02  -1.0715485e+00
   3.3741593e-01  -1.1600622e+00
   4.6358428e-01  -1.5601335e+00
   5.0197976e-01  -1.9496755e+00
   4.9186597e-01  -1.1366912e+00
   4.1605833e-01  -9.7703722e-01
   5.1155821e-01  -1.2296861e+00
   2.8819810e-01  -9.7581964e-01
   1.9732786e-01  -6.2243447e-01
   4.0799600e-01  -1.4387249e+00
   4.6239511e-01  -9.7079584e-01
   4.1369863e-01  -8.9727762e-01
   2.9432408e-01  -1.3153701e+00
   6.4822080e-01  -1.7380505e+00
   1.8647133e-01  -7.5517064e-01
   3.1545445e-01  -1.4628149e+00
   2.2863902e-01  -8.8605783e-01
   4.6795193e-01  -1.2273469e+00
   4.4354898e-01  -7.6402994e-01
   2.4325631e-01  -9.3475932e-01
   5.5594009e-01  -1.5475378e+00
   4.8121269e-01  -9.2288246e-01
   3.8283792e-01  -1.0231408e+00
   3.7697735e-01  -1.6022873e+00
   2.4468767e-01  -8.5726615e-01
   3.2107858e-01  -1.4432897e+00
   3.3578515e-01  -1.1557928e+00
   3.8231948e-01  -1.0091904e+00
   1.7163051e-01  -4.6014035e-01
   5.2589815e-01  -1.0614104e+00
   1.1865854e-01  -9.2158010e-01
   3.4774643e-01  -8.5638816e-01
   5.4862979e-01  -1.9267824e+00
   2.3477667e-01  -9.4281581e-01
   4.8493884e-01  -1.1220948e+00
   6.3164960e-02  -4.2485715e-01
   7.8834775e-02  -6.4545270e-01
   3.1000780e-01  -1.1728264e+00
   3.3420719e-01  -6.2576933e-01
   1.7613633e-01  -4.7790585e-01
   3.7011303e-01  -1.0300370e+00
   4.6986103e-01  -1.1892859e+00
   1.6559990e-01  -6.0335904e-01
   4.5608813e-01  -9.2959842e-01
   5.0744558e-01  -9.5584241e-01
   2.8586921e-01  -9.1180088e-01
   1.2547693e-01  -7.6137677e-01
   1.2931616e-01  -5.3261041e-01
   2.7243784e-01  -7.8545768e-01
   2.0849433e-01  -6.1415876e-01
   5.1786166e-01  -1.1833482e+00
   5.2643234e-01  -1.2419624e+00
   2.9371008e-01  -7.9656569e-01
   3.3690091e-01  -9.2369140e-01
   3.4056906e-01  -9.7262413e-01
   4.2680411e-01  -1.3331034e+00
   2.9426786e-01  -1.4601111e+00
   3.6023713e-01  -9.2839755e-01
   4.7999908e-01  -8.7133864e-01
   4.0401133e-01  -9.6056095e-01
   1.2242516e-01  -6.2794207e-01
   4.1722269e-01  -8.8756874e-01
   4.5933240e-01  -8.8185942e-01
   1.9409052e-01  -5.2285681e-01
   4.3426503e-01  -9.1285663e-01
   3.9744501e-01  -1.1162891e+00
   1.0570302e-01  -5.9131735e-01
   3.0151834e-01  -6.9628804e-01
   4.7796926e-01  -8.4799739e-01
   6.4029286e-01  -1.3295545e+00
   3.3446926e-01  -9.2855409e-01
   2.1168866e-01  -7.2957725e-01
   3.1435717e-01  -1.1332982e+00
   4.9135211e-01  -7.4136632e-01
   3.4446531e-01  -7.4468119e-01
   3.4117408e-01  -1.6105418e+00
   4.3212713e-01  -6.2364393e-01
   2.8176227e-01  -6.7207516e-01
   3.2372819e-01  -7.3891944e-01
   3.0343979e-01  -7.2569133e-01
   4.3515093e-01  -1.2196288e+00
   3.3322962e-01  -9.9444666e-01
   3.2946686e-01  -1.3526833e+00
   5.0970993e-01  -1.2360907e+00
   2.1822279e-01  -1.0141653e+00
   4.0183147e-01  -6.2311660e-01
   2.9077906e-01  -7.2711830e-01
   2.7697054e-01  -8.3667703e-01
   3.7050500e-01  -9.6978724e-01
   4.2404595e-01  -1.3111344e+00
   3.2006915e-01  -1.0678131e+00
   2.4828067e-01  -9.5946276e-01
   4.4101630e-01  -1.1957564e+00
   4.2892200e-01  -1.5681946e+00
   4.2675246e-01  -1.4167734e+00
   2.7198499e-01  -7.4283751e-01
   4.0887569e-02  -6.4629731e-01
   2.7498404e-01  -1.0459691e+00
   4.6756297e-01  -7.0734636e-01
   3.3104599e-01  -1.0015676e+00
   3.0585531e-01  -9.7577868e-01
   4.4269587e-01  -7.8763620e-01
   2.2910198e-01  -7.6007981e-01
   3.5736074e-01  -5.9338833e-01
   3.5462511e-01  -8.5402373e-01
   4.8479940e-01  -1.4222644e+00
   4.7804256e-01  -1.3732016e+00
   1.7366528e-01  -6.3268387e-01
   3.4831785e-01  -9.3074534e-01
   5.0865670e-01  -9.5991162e-01
   1.8480091e-01  -6.1507119e-01
   4.7463469e-01  -1.2975117e+00
   5.8174380e-01  -8.7991611e-01
   2.5508322e-01  -8.1450575e-01
   1.1320399e-01  -9.0689949e-01
   3.9956990e-01  -1.1608949e+00
   1.3613957e-01  -9.0656702e-01
   4.0765030e-01  -1.2097378e+00
   3.1290650e-01  -1.1405749e+00
   5.5487869e-01  -2.3076777e+00
   4.1967872e-01  -9.2913736e-01
   2.7368958e-01  -7.2931375e-01
   4.8021303e-01  -8.0331919e-01
   1.7983323e-01  -6.1318773e-01
   3.3464471e-01  -9.4702735e-01
   2.3430041e-01  -9.4355655e-01
   3.4195770e-01  -8.8410445e-01
   2.5368382e-01  -7.5761310e-01
   3.6064914e-01  -9.0384217e-01
   1.5619898e-01  -5.7646550e-01
   4.1633276e-01  -7.6734684e-01
   2.3303577e-01  -9.7868467e-01
   2.1838091e-01  -8.3282780e-01
   3.3880609e-01  -8.6346920e-01
   2.5802676e-01  -6.3193066e-01
   2.7055522e-01  -1.2282449e+00
   4.0357713e-01  -1.0182443e+00
   1.4871228e-01  -5.8333652e-01
   2.3817666e-01  -6.0497585e-01
   4.4508240e-01  -9.4386384e-01
   2.8922525e-01  -8.7974155e-01
   1.2950196e-01  -7.5191385e-01
   3.9221981e-01  -8.8254148e-01
   3.4713590e-01  -1.0679774e+00
   3.2456747e-01  -9.8675642e-01
   5.6717497e-01  -1.1988870e+00
   1.1086743e-01  -1.1107027e+00
   6.0709721e-01  -6.6833485e-01
   4.2348715e-01  -1.1789870e+00
   2.4211105e-01  -7.7018340e-01
   3.6945803e-01  -1.2140919e+00
   2.8266470e-01  -8.2688330e-01
   3.6138853e-01  -7.6443145e-01
   3.0332573e-01  -7.2803291e-01
   5.4698891e-01  -1.1406383e+00
   5.0903007e-01  -1.1474286e+00
   4.4750227e-01  -7.5800374e-01
   3.1647001e-01  -1.3933463e+00
   3.3316615e-01  -8.7323652e-01
   5.4260107e-01  -1.1823132e+00
   5.1771469e-01  -9.9035364e-01
   3.8472245e-01  -8.1250227e-01
   4.6928553e-01  -1.1168810e+00
   1.7300598e-01  -6.4026664e-01
   2.4656002e-01  -1.1682699e+00
   3.6581516e-01  -1.1860209e+00
   3.4862546e-01  -1.0691444e+00
   3.7416156e-01  -8.8703431e-01
   3.0239153e-01  -1.0075728e+00
   5.6804906e-01  -1.4226291e+00
   1.5853683e-01  -7.3583597e-01
   2.8643196e-01  -6.8056578e-01
   4.1019015e-02  -5.3935892e-01
   2.4088179e-01  -8.1886335e-01
   3.9924963e-01  -9.7594159e-01
   3.1355620e-01  -9.6061101e-01
   3.1136097e-01  -1.1215469e+00
   5.2777981e-01  -9.4254807e-01
   4.5921022e-01  -7.4979378e-01
   1.6701425e-01  -6.9843916e-01
   5.7932295e-01  -1.7363904e+00
   1.6074245e-01  -7.9905642e-01
   2.2202930e-01  -7.8567920e-01
   5.4697008e-01  -1.4438231e+00
   1.8739523e-01  -8.4648453e-01
   3.1560525e-01  -1.0486268e+00
   2.9521359e-01  -7.4398173e-01
   2.3607499e-01  -8.6005050e-01
   3.3952124e-01  -6.8691805e-01
   3.9417560e-01  -1.0713728e+00
   3.6962586e-01  -1.0456972e+00
   2.8507093e-01  -1.2006492e+00
   3.3141418e-01  -1.1905320e+00
   1.0059757e-01  -9.0262273e-01
   3.8421616e-01  -1.4690336e+00
   3.8177439e-01  -9.0062946e-01
   3.9217685e-01  -9.8569132e-01
   2.6133056e-01  -7.8846419e-01
   4.2632741e-01  -9.7539629e-01
   2.6881146e-01  -1.2230955e+00
   5.0549758e-01  -7.6699399e-01
   2.3964746e-01  -9.0905107e-01
   6.3822054e-01  -1.2117754e+00
   2.4598827e-01  -8.6199052e-01
   3.7111851e-01  -8.6550353e-01
   4.0628440e-01  -8.8615180e-01
   4.6708132e-01  -1.1750859e+00
   4.3589582e-01  -7.6417432e-01
   4.9719344e-01  -1.0961914e+00
   2.7789533e-01  -1.2033177e+00
   4.0642326e-01  -9.7837437e-01
   2.5374679e-01  -1.1670906e+00
   4.9890491e-01  -9.4019720e-01
   4.4683618e-01  -1.1387088e+00
   4.0959925e-01  -1.1223609e+00
   1.4408291e-01  -6.5814052e-01
   3.6796797e-01  -1.0226975e+00
   1.6853466e-01  -5.3418750e-01
   1.7802040e-01  -6.2235488e-01
   2.5532526e-01  -8.4460332e-01
   4.5960401e-01  -8.8005984e-01
   5.1483166e-01  -1.3724624e+00
   3.5272367e-01  -7.9827986e-01
   4.5956498e-01  -1.1182744e+00
   2.5615870e-01  -8.5177313e-01
   3.8781503e-01  -1.4338389e+00
   3.3195169e-01  -7.2996219e-01
   2.3351546e-01  -7.2555891e-01
   4.3725304e-01  -1.1821575e+00
   4.9447973e-01  -1.3346782e+00
   3.1541110e-01  -7.7993999e-01
   3.1380697e-01  -7.6747084e-01
   4.6443045e-01  -8.6893174e-01
   3.4636857e-01  -4.7217977e-01
   3.1200776e-01  -9.1978953e-01
   3.3043160e-01  -7.0319422e-01
   3.6341905e-01  -8.8176480e-01
   3.6801360e-01  -1.4639160e+00
   3.6810474e-01  -1.2958342e+00
   1.3419670e-01  -1.0143484e+00
   1.8973636e-01  -6.8646722e-01
   3.9564932e-01  -1.0999140e+00
   3.7366314e-01  -1.4423668e+00
   3.8332709e-01  -1.0295211e+00
   4.5156610e-01  -2.0535887e+00
   2.4273328e-01  -4.4458877e-01
   6.5018322e-01  -1.2275458e+00
   3.0014517e-01  -1.0070423e+00
   3.2437779e-01  -7.8408243e-01
   3.8418344e-01  -8.3789236e-01
   3.6309313e-01  -1.0845394e+00
   2.1446969e-01  -6.7206374e-01
   5.1511639e-01  -1.5929095e+00
   3.6657440e-01  -1.0600897e+00
   3.3158730e-01  -6.8086150e-01
   4.5580310e-01  -9.3778937e-01
   2.9821714e-01  -9.9918975e-01
   3.7309794e-01  -8.6834110e-01
   4.5072305e-01  -1.1753360e+00
   3.4089459e-01  -1.0494075e+00
   3.4063347e-01  -8.2295609e-01
   2.1098213e-01  -7.4611386e-01
   3.4298153e-01  -1.0425576e+00
   4.9855496e-01  -1.4447092e+00
   3.8284377e-01  -1.1869355e+00
   2.2400298e-01  -8.8565790e-01
   3.4665484e-01  -1.0424228e+00
   3.9686302e-01  -1.2811745e+00
   1.4221989e-01  -6.2734255e-01
   3.5264356e-01  -1.1392076e+00
   3.8884826e-01  -1.0043235e+00
   3.1775668e-01  -9.2663458e-01
   2.0781030e-01  -5.4231920e-01
   3.1540280e-01  -8.8777013e-01
   1.6206612e-01  -6.1819709e-01
   3.4831902e-01  -9.3451336e-01
   1.5143459e-01  -5.6871106e-01
   4.5417701e-01  -1.1136261e+00
   4.6877869e-01  -8.5712225e-01
   2.6896549e-01  -1.4265228e+00
   4.4673942e-01  -1.0937101e+00
   2.1747254e-01  -7.4718994e-01
   3.4267351e-01  -9.0029598e-01
   3.1309142e-01  -8.7684218e-01
   4.6438320e-01  -9.3618430e-01
   2.6784616e-01  -5.5858154e-01
   3.8497917e-01  -1.3420337e+00
   4.3014838e-01  -1.6712609e+00
   1.6969570e-01  -7.9537886e-01
   2.0511714e-01  -8.0108277e-01
   4.0218043e-01  -9.9503862e-01
   3.8100759e-01  -8.4150375e-01
   2.0344802e-01  -6.7473637e-01
   4.1217200e-01  -1.3868910e+00
   1.5927773e-01  -8.2100366e-01
   3.4981674e-01  -9.0705669e-01
   3.3957394e-01  -7.0230867e-01
   5.5657938e-01  -1.1319878e+00
   2.6824364e-01  -1.2760884e+00
   3.3294876e-01  -8.9805947e-01
   5.0162873e-01  -9.7893942e-01
   1.3744875e-01  -5.8390786e-01
   5.5113755e-01  -1.5229579e+00
   2.3428003e-01  -7.8890945e-01
   3.1030628e-01  -1.1958436e+00
   2.7422504e-01  -1.0337612e+00
   3.9523207e-01  -1.5957084e+00
   3.6046715e-01  -8.8864082e-01
   4.3752783e-01  -9.3387896e-01
   3.2420267e-01  -7.2881246e-01
   4.3050499e-01  -1.2242621e+00
   2.5191671e-01  -7.4292188e-01
   5.3961583e-01  -1.3337126e+00
   2.3572014e-01  -6.6628392e-01
   3.8074895e-01  -1.0854104e+00
   3.9313805e-01  -1.1405682e+00
   5.1575397e-01  -1.0405996e+00
   4.2132372e-01  -1.0432521e+00
   1.9396588e-01  -7.1582179e-01
   3.4657164e-01  -1.4893409e+00
   2.9886574e-01  -7.4114890e-01
   2.4051970e-01  -8.1571897e-01
   3.1722713e-01  -1.0147717e+00
   3.5668795e-01  -8.6482126e-01
   1.6839734e-01  -8.1283755e-01
   1.5871207e-01  -5.8105141e-01
   2.1373246e-01  -6.4911163e-01
   4.0300324e-01  -1.1108985e+00
   1.5685859e-01  -7.0846586e-01
   5.9935117e-01  -1.3869513e+00
   4.2259760e-01  -6.6378573e-01
   4.3821060e-01  -1.5734835e+00
   3.8631263e-01  -7.3040133e-01
   4.2846275e-01  -1.2652424e+00
   3.4558447e-01  -6.9815699e-01
   1.1646898e-01  -1.0405981e+00
   3.5825555e-01  -9.7781502e-01
   2.9895839e-01  -1.3950522e+00
   2.6197441e-01  -6.1406028e-01
   3.6243031e-01  -1.3522556e+00
   4.0489934e-01  -1.7287170e+00
   1.9037325e-01  -7.4751014e-01
   3.0148055e-01  -7.8704732e-01
   2.8482579e-01  -7.4493813e-01
   8.0972931e-02  -6.2812153e-01
   5.5978310e-01  -1.2214965e+00
   2.8532224e-01  -6.0600262e-01
   3.1924388e-01  -9.2266641e-01
   1.6002143e-01  -5.2858483e-01
   2.2257425e-01  -9.7221651e-01
   2.3380699e-01  -1.1338066e+00
   6.1142635e-01  -1.5141499e+00
   8.0339224e-02  -6.1836436e-01
   5.2171852e-01  -1.8480610e+00
   4.1271644e-01  -8.8433591e-01
   2.9595659e-01  -7.6250167e-01
   3.0679664e-01  -1.2060709e+00
   3.7096259e-01  -8.9226975e-01
   9.7695161e-02  -6.2686849e-01
   2.9191828e-01  -9.1001280e-01
   4.6306672e-01  -7.0118680e-01
   4.1746563e-01  -9.5542285e-01
   4.5617049e-01  -8.7070126e-01
   6.3651382e-02  -6.9195791e-01
   2.9087721e-01  -8.3496530e-01
   2.7509194e-01  -5.7567412e-01
   2.2714437e-01  -7.3361280e-01
   5.2029923e-01  -8.6788908e-01
   3.0832265e-01  -1.0774490e+00
   4.7607613e-01  -1.1733845e+00
   4.2175747e-01  -1.2113394e+00
   4.4811771e-01  -1.0570825e+00
   2.7790620e-01  -1.1250824e+00
   4.7740011e-01  -1.1398428e+00
   3.5048701e-01  -1.7792044e+00
   2.3851753e-01  -7.7835953e-01
   4.3095883e-01  -8.9897844e-01
   2.7404955e-01  -8.5437252e-01
   5.1471457e-01  -1.5084406e+00
   1.8738750e-01  -8.2016787e-01
   4.9493999e-01  -1.3344113e+00
   2.0020231e-01  -7.5356784e-01
   3.2585849e-01  -1.2008991e+00
   3.8528427e-01  -7.3649620e-01
   2.8091431e-01  -7.9146757e-01
   3.1253067e-01  -7.8651126e-01
   6.8292478e-02  -4.0654824e-01
   2.3804166e-01  -8.4609035e-01
   2.9265806e-01  -1.0082343e+00
   3.2796180e-01  -9.7522091e-01
   3.0137261e-01  -1.0912017e+00
   1.6577677e-01  -5.4515968e-01
   3.0932024e-01  -1.0304605e+00
   3.4065795e-01  -1.1453175e+00
   4.1567348e-01  -1.3759087e+00
   3.9371044e-01  -1.3739649e+00
   4.5345880e-01  -1.5807286e+00
   4.5456725e-01  -1.3219256e+00
   4.7406463e-01  -8.6777490e-01
   3.6497463e-01  -9.6748616e-01
   2.7520235e-01  -6.9281125e-01
   2.3333346e-01  -9.0856889e-01
   4.6633444e-01  -9.6824239e-01
   2.9189830e-01  -8.4941311e-01
   4.4353051e-01  -1.3417114e+00
   4.9839841e-01  -9.6467609e-01
   5.5737080e-01  -1.5263547e+00
   3.4478650e-01  -7.8430081e-01
   4.0791225e-01  -1.5545378e+00
   1.6724047e-01  -7.8112152e-01
   3.8674682e-01  -1.4055339e+00
   3.3664558e-01  -1.3251833e+00
   3.8533403e-01  -1.5571351e+00
   2.4586078e-01  -1.2660740e+00
   4.7418407e-01  -1.6598122e+00
   5.6438033e-02  -5.7770893e-01
   3.3489673e-01  -1.0739333e+00
   5.9586326e-01  -1.3517682e+00
   4.8725844e-01  -1.0580389e+00
   3.9244217e-01  -1.2555672e+00
   5.2915454e-01  -1.0000174e+00
   2.6464674e-01  -6.9694386e-01
   3.3212246e-01  -7.1794286e-01
   1.3847230e-01  -9.4615993e-01
   4.3744936e-01  -1.3379041e+00
   1.2922944e-01  -7.1206061e-01
   2.2090297e-01  -6.6750996e-01
   3.3909170e-01  -1.4880668e+00
   3.0553861e-01  -1.2223722e+00
   2.2909382e-01  -7.2942828e-01
   3.1987950e-01  -7.5422252e-01
   3.9714160e-01  -1.1783342e+00
   3.9905658e-01  -1.1267938e+00
   1.4945883e-01  -6.8244816e-01
   1.4532322e-01  -7.5240173e-01
   5.0280177e-01  -6.2929089e-01
   4.3094968e-01  -6.6260886e-01
   2.8375395e-01  -4.8559973e-01
   2.0235991e-01  -5.6561794e-01
   2.9436902e-01  -1.0275414e+00
   2.6673978e-01  -8.7968793e-01
   3.4291024e-01  -7.4619835e-01
   1.9398843e-01  -6.2724025e-01
   3.1446046e-01  -1.0413971e+00
   5.9924737e-01  -1.5965329e+00
   2.9358197e-01  -8.2752683e-01
   3.2123231e-01  -1.5800364e+00
   3.6340971e-01  -7.0695604e-01
   3.3766008e-01  -1.0669326e+00
   1.8737902e-01  -4.9807487e-01
   1.2996789e-01  -5.7927251e-01
   2.8767481e-01  -9.2073445e-01
   5.7677264e-01  -1.2576515e+00
   4.2899844e-01  -1.3657329e+00
   4.6606235e-01  -9.5190783e-01
   4.7716772e-02  -4.8024910e-01
   4.3306905e-01  -1.0837617e+00
   3.6930587e-01  -1.1866311e+00
   4.5208760e-01  -1.0469072e+00
   3.6750839e-01  -8.4711060e-01
   3.2280233e-01  -6.0418688e-01
   4.8549792e-01  -1.0685395e+00
   2.0047699e-01  -7.1239692e-01
   4.6808192e-01  -1.5495719e+00
   3.7387561e-01  -1.1927724e+00
   3.8317139e-01  -1.2262776e+00
   1.4727985e-01  -8.5753986e-01
   2.5985243e-01  -1.0925421e+00
   2.5627507e-01  -8.3427177e-01
   2.3772545e-01  -7.6307518e-01
   4.7191430e-01  -8.2825895e-01
   2.7337014e-01  -9.0441573e-01
   2.9246529e-01  -9.9785736e-01
   2.7268871e-01  -1.3068262e+00
   2.5284645e-01  -4.8099188e-01
   4.0107307e-01  -8.5149579e-01
   4.7800598e-01  -1.3684535e+00
   3.6743497e-01  -8.4998649e-01
   1.1561927e-01  -5.7230119e-01
   1.8000628e-01  -7.7508476e-01
   2.9511780e-01  -6.5683330e-01
   3.5204931e-01  -8.6958529e-01
   3.7841878e-01  -7.8863065e-01
   3.9302049e-01  -1.0136943e+00
   2.0436535e-01  -1.3200453e+00
   2.1591923e-01  -9.4290822e-01
   2.8416266e-01  -7.9061012e-01
   8.5595930e-02  -8.4027031e-01
   2.6231388e-01  -8.3206979e-01
   5.7285638e-01  -1.4840917e+00
   4.1526895e-01  -1.3178740e+00
   2.6813760e-01  -8.3980013e-01
   4.3198765e-01  -1.4321632e+00
   1.8092865e-01  -9.0533987e-01
   3.5697300e-01  -9.0216500e-01
   4.4511470e-01  -1.3525821e+00
   4.8673511e-01  -1.3760968e+00
   2.4253400e-01  -7.1059752e-01
   9.7295006e-02  -6.0418731e-01
   2.0610906e-01  -4.8486667e-01
   4.2599243e-01  -1.2632654e+00
   4.3310998e-01  -1.4328246e+00
   5.9763004e-01  -9.6216497e-01
   4.7703498e-01  -1.0513889e+00
   3.8055363e-01  -8.2825715e-01
   5.1276163e-01  -2.0775788e+00
   2.0364626e-01  -9.1324007e-01
   5.8573930e-01  -9.9535835e-01
   3.0735620e-01  -1.0457103e+00
   3.1700481e-01  -9.9249673e-01
   3.1816381e-01  -8.0487674e-01
   5.9241810e-01  -1.8515989e+00
   2.9364422e-01  -9.8821965e-01
   3.2666968e-01  -7.7948161e-01
   3.4649755e-01  -1.0236176e+00
   3.4310158e-01  -8.9054209e-01
   2.7507458e-01  -6.9385184e-01
   1.0963146e-01  -5.4358333e-01
   1.5031088e-01  -4.2721562e-01
   4.7420031e-01  -8.2312873e-01
   1.9714265e-01  -8.9011491e-01
   5.0870711e-01  -1.1176115e+00
   3.8468305e-02  -8.0431793e-01
   2.3121950e-01  -6.0111400e-01
   4.1941937e-01  -1.3856468e+00
   3.9790867e-01  -1.1698186e+00
   2.1817474e-01  -7.6663328e-01
   5.6065692e-01  -1.2114571e+00
   1.3842747e-01  -8.9055897e-01
   4.5499086e-01  -1.7139577e+00
   2.5488338e-01  -6.8293265e-01
   1.3364014e-01  -6.4628344e-01
   1.8584829e-01  -9.0585998e-01
   5.7825019e-01  -1.1296818e+00
   3.7117714e-01  -7.6269819e-01
   2.9915406e-01  -8.5890952e-01
   2.3139204e-01  -6.8203601e-01
   2.3180618e-01  -1.3278894e+00
   5.2007369e-01  -1.0642888e+00
   2.7031177e-01  -1.0476499e+00
   2.6740450e-01  -7.3190795e-01
   3.0307555e-01  -5.7859952e-01
   4.9066170e-01  -8.0720373e-01
   2.1861946e-01  -1.0289316e+00
   2.0167713e-01  -4.2514219e-01
   2.6417229e-01  -1.0703250e+00
   4.0771074e-01  -6.0502410e-01
   3.8033059e-01  -1.3886917e+00
   2.1517894e-01  -6.8235022e-01
   3.9580225e-01  -8.1696685e-01
   3.8099206e-01  -1.2845653e+00
   1.8069308e-01  -1.0130671e+00
   2.4594587e-01  -7.3716119e-01
   2.0769688e-01  -1.0402176e+00
   4.3583529e-01  -1.0164023e+00
   3.1289146e-01  -1.0533329e+00
   4.1117459e-01  -4.7067883e-01
   3.4935421e-01  -9.8062467e-01
   3.3496525e-01  -1.4170773e+00
   4.5874714e-01  -1.2803289e+00
   4.4707696e-01  -9.5947468e-01
   2.2275667e-01  -7.7311438e-01
   2.1520254e-01  -7.9466702e-01
   2.8129730e-01  -8.3050763e-01
   3.3650099e-01  -6.7033410e-01
   3.8048773e-01  -9.7499664e-01
   2.0347989e-01  -7.6821470e-01
   3.5290071e-01  -9.5474424e-01
   3.0666305e-01  -5.2188531e-01
   4.8259553e-01  -1.0719361e+00
   5.6907584e-01  -2.3050035e+00
   1.9066961e-01  -5.5533303e-01
   2.7225995e-01  -6.4616245e-01
   3.1373675e-01  -9.3650846e-01
   2.1100152e-01  -4.2835535e-01
   2.7190847e-01  -1.0153771e+00
   2.4974109e-01  -9.2241209e-01
   4.6434897e-01  -8.1998006e-01
   3.1884273e-01  -9.1160008e-01
   4.3418146e-01  -1.0463371e+00
   4.3558127e-01  -1.4264136e+00
   1.2555418e-01  -9.1280230e-01
   3.0331868e-01  -8.9095849e-01
   1.4776760e-01  -7.3152393e-01
   2.7971156e-01  -6.6884578e-01
   2.5890718e-01  -6.5397912e-01
   2.5411696e-01  -1.0053549e+00
   3.2936096e-01  -7.0695132e-01
   3.6226761e-01  -9.4627445e-01
   2.3295989e-01  -7.1809129e-01
   2.3139815e-01  -8.6503369e-01
   3.0410610e-01  -1.4542237e+00
   2.3604686e-01  -6.9625061e-01
   5.1762392e-01  -9.7511113e-01
   3.0147243e-01  -1.1575422e+00
   4.3202199e-01  -1.3434605e+00
   1.9716313e-01  -7.4008166e-01
   3.0781630e-01  -7.7584253e-01
   4.7567137e-01  -1.0823384e+00
   2.6629139e-01  -8.8633268e-01
   1.8516296e-01  -1.1679293e+00
   5.1021471e-01  -1.2205883e+00
   2.5632067e-01  -8.6293136e-01
   2.4453995e-01  -6.7430863e-01
   3.8001249e-01  -6.0159058e-01
   3.1145125e-01  -8.7049139e-01
   4.8848304e-01  -8.6881823e-01
   3.8828508e-01  -1.0590591e+00
   1.5178222e-01  -6.8102724e-01
   4.1474284e-01  -1.0286026e+00
   5.1106040e-01  -1.0578023e+00
   1.6822924e-01  -7.8603196e-01
   2.3495231e-01  -8.3251982e-01
   3.1752030e-01  -8.8965780e-01
   2.9905136e-01  -8.5144407e-01
   3.5425510e-01  -6.9657071e-01
   4.0038930e-01  -1.1397241e+00
   1.8873968e-01  -9.4238226e-01
   4.7349337e-01  -1.0432711e+00
   2.9287755e-01  -6.8484779e-01
   3.4958781e-01  -9.2884420e-01
   2.0957502e-01  -1.3347398e+00
   3.8638677e-01  -6.3447870e-01
   1.4510547e-01  -5.4056749e-01
   1.0957984e-01  -7.6323419e-01
   1.7777179e-01  -8.3909791e-01
   4.6747382e-01  -8.4784212e-01
   4.9816196e-01  -1.3028626e+00
   4.2924251e-01  -1.0949861e+00
   3.0530074e-01  -1.0546326e+00
   4.0070442e-01  -1.0909494e+00
   3.0780664e-01  -1.1490506e+00
   1.3746244e-01  -6.4337000e-01
   4.3164081e-01  -7.9065385e-01
   3.6026066e-01  -9.1766661e-01
   4.9448266e-01  -7.9503446e-01
   2.6386412e-01  -8.7677649e-01
   3.1371510e-01  -9.3057727e-01
   1.8357891e-01  -6.2037227e-01
   3.7712848e-01  -1.0026710e+00
   2.9709643e-01  -1.2243922e+00
   2.6708093e-01  -7.6229051e-01
   3.8788503e-01  -7.6028142e-01
   2.7673142e-01  -1.1590566e+00
   2.9163201e-01  -9.9708235e-01
   4.1667074e-01  -1.0377860e+00
   3.2905190e-01  -1.2090349e+00
   2.3829391e-01  -8.0007567e-01
   3.7169569e-01  -1.4458712e+00
   3.3115870e-01  -1.1138190e+00
   2.8750211e-01  -1.1026523e+00
   2.1474671e-01  -6.1914265e-01
   2.5876822e-01  -6.3718842e-01
   2.7319735e-01  -1.0615905e+00
   4.5791310e-01  -1.1805175e+00
   1.0503384e-01  -6.6515822e-01
   2.6537880e-01  -6.9370355e-01
   4.0147628e-01  -1.1698547e+00
   1.2508500e-01  -6.9258387e-01
   1.0463209e-01  -6.0136113e-01
   2.1627321e-01  -1.0681616e+00
   2.0730337e-01  -8.6728551e-01
   5.1297479e-01  -1.0597187e+00
   3.6886957e-01  -8.2950047e-01
   2.2220704e-01  -8.1774596e-01
   6.0167711e-02  -6.4393659e-01
   9.9424080e-02  -4.8201953e-01
   3.8413619e-01  -1.2416000e+00
   3.7204704e-01  -9.7584786e-01
   4.1504172e-01  -9.3178036e-01
   3.8321109e-01  -7.3561614e-01
   2.9850960e-01  -7.3825498e-01
   5.3550657e-01  -1.2220488e+00
   3.3904170e-01  -1.2129838e+00
   4.1715182e-01  -9.1757153e-01
   4.2143012e-01  -1.4524643e+00
   5.6445888e-01  -2.0638316e+00
   2.9850583e-01  -8.9725741e-01
   8.4418574e-02  -6.0996571e-01
   3.6276759e-01  -9.1882849e-01
   4.8534901e-01  -1.2965291e+00
   2.7585375e-01  -7.8334778e-01
   2.5286873e-01  -5.5818928e-01
   4.5905261e-01  -1.4018738e+00
   2.7500157e-01  -8.2066342e-01
   8.1025235e-02  -6.3252756e-01
   1.9384022e-01  -1.0865460e+00
   2.6254605e-01  -6.7325462e-01
   4.0491128e-01  -8.4467700e-01
   4.0176055e-01  -1.4470402e+00
   1.6979561e-01  -6.5446306e-01
   5.4481389e-01  -1.2817646e+00
   5.5199677e-01  -4.2474084e-01
   3.5117886e-01  -1.1219422e+00
   3.4752553e-01  -1.1457237e+00
   3.3579787e-01  -9.1102672e-01
   1.0216726e-01  -1.0306329e+00
   1.9992638e-01  -7.3493326e-01
   3.0641978e-01  -6.6946774e-01
   3.8577790e-01  -7.5315641e-01
   4.0026993e-01  -1.1720980e+00
   1.8750465e-01  -7.7812316e-01
   4.0066037e-01  -1.2997730e+00
   5.2185008e-01  -8.0476357e-01
   4.2969870e-01  -1.2001931e+00
   1.1956742e-01  -9.4444630e-01
   4.5232786e-01  -1.0615769e+00
   1.8661650e-01  -6.3345879e-01
   3.7808173e-01  -9.1677227e-01
   3.4326522e-01  -1.3544468e+00
   3.6606320e-01  -1.4456402e+00
   4.4277926e-01  -1.0397812e+00
   2.1420924e-01  -9.0411449e-01
   3.2423942e-01  -9.5889576e-01
   1.7089120e-01  -5.6328392e-01
   5.8843647e-01  -1.3315934e+00
   3.9332140e-01  -9.5283659e-01
   9.3241780e-02  -7.0659776e-01
   3.4906016e-01  -8.2848844e-01
   1.6891631e-01  -6.7561040e-01
   1.6906592e-01  -7.8982491e-01
   3.0572942e-01  -1.2130280e+00
   5.1129804e-01  -9.7389597e-01
   3.7884947e-01  -5.3190334e-01
   9.5732841e-02  -5.9703994e-01
   3.0617136e-01  -7.7845658e-01
   5.3270398e-01  -9.3495881e-01
   1.7883900e-01  -5.3726905e-01
   4.1744559e-01  -9.3001007e-01
   2.6344952e-01  -1.0663829e+00
   3.9902472e-01  -1.4173038e+00
   3.2671458e-01  -6.6202419e-01
   5.1943143e-01  -1.3257964e+00
   3.2643007e-01  -7.6983933e-01
   1.7031263e-01  -9.0656382e-01
   1.8297204e-01  -1.0332305e+00
   2.6162812e-01  -6.6639723e-01
   5.0861599e-01  -1.6604479e+00
   3.8892391e-01  -1.2133898e+00
   2.2500868e-01  -1.0807417e+00
   5.1442567e-01  -1.3224909e+00
   3.9620424e-01  -9.8437856e-01
   2.3901992e-01  -6.2639916e-01
   2.6518901e-01  -4.9084172e-01
   2.5402791e-01  -6.7744676e-01
   3.2824886e-01  -9.7753250e-01
   2.3549037e-01  -9.3511482e-01
   3.3519484e-01  -7.3251791e-01
   2.6088245e-01  -5.9344306e-01
   5.1929876e-01  -1.6130927e+00
   3.4953333e-01  -1.0987266e+00
   4.1072321e-01  -1.1398359e+00
   4.2670904e-01  -9.3298326e-01
   6.4912565e-01  -1.7215204e+00
   3.1745430e-01  -6.5204338e-01
   1.7668297e-01  -8.3061085e-01
   3.0567003e-01  -1.0607736e+00
   7.1686695e-02  -6.9738929e-01
   3.4381522e-01  -9.7714827e-01
   3.2707983e-01  -9.1105325e-01
   1.0079155e-01  -5.6777732e-01
   4.5880958e-01  -1.3330153e+00
   5.8513645e-01  -1.4210701e+00
   2.6206229e-01  -4.7314195e-01
   4.0157736e-01  -8.8109589e-01
   5.0563588e-01  -1.0743963e+00
   4.5058144e-01  -1.2782226e+00
   3.7923752e-01  -9.3684529e-01
   2.9446880e-01  -7.7437455e-01
   3.1075253e-01  -8.8821614e-01
   2.7066616e-01  -8.2523515e-01
   3.5250592e-01  -7.6455725e-01
   3.6634935e-01  -6.0426675e-01
   2.4621107e-01  -7.9188666e-01
   2.2717241e-01  -9.0320273e-01
   4.2336946e-01  -9.9513266e-01
   3.4625304e-01  -7.7219816e-01
   6.4521472e-01  -1.0450952e+00
   2.9513240e-01  -5.6296122e-01
   1.0394100e-01  -7.2635444e-01
   1.7878831e-01  -8.7489813e-01
   5.2946142e-01  -1.4020167e+00
   5.6095709e-01  -1.7140959e+00
   3.4903363e-01  -8.6912100e-01
   8.6565109e-02  -7.3087059e-01
   2.7332122e-01  -9.1613003e-01
   3.8585367e-01  -8.3707437e-01
   2.5201855e-01  -6.9059361e-01
   5.1878529e-01  -1.2736710e+00
   2.9560110e-01  -1.3811978e+00
   4.5898958e-01  -7.7033840e-01
   2.8442744e-01  -1.2768342e+00
   4.2316046e-01  -1.2637489e+00
   4.6018729e-01  -1.3502986e+00
   3.2979087e-01  -1.1913282e+00
   4.3005940e-01  -1.4586311e+00
   2.5850288e-01  -7.8473136e-01
   3.3442004e-01  -9.1398751e-01
   2.2607568e-01  -6.5560904e-01
   3.1987161e-01  -9.9479527e-01
   2.4371558e-01  -6.5539250e-01
   4.9168659e-01  -1.6220421e+00
   5.6715023e-01  -1.4489409e+00
   5.4077962e-01  -1.2400103e+00
   3.4158327e-01  -1.2191360e+00
   2.3891387e-01  -5.1579102e-01
   4.5450908e-01  -1.5061528e+00
   1.9759730e-01  -8.6715935e-01
   4.6887805e-01  -1.0362169e+00
   3.5422337e-01  -1.1577481e+00
   3.8778061e-01  -1.0108323e+00
   1.9348418e-01  -8.1303043e-01
   3.2536805e-01  -6.8666164e-01
   1.6398582e-01  -4.2505222e-01
   5.2901759e-01  -1.5441265e+00
   3.1651186e-01  -9.4958911e-01
   3.4153972e-01  -8.4008413e-01
   2.2413741e-01  -6.4363839e-01
   2.8309437e-01  -1.0238698e+00
   1.4936787e-01  -7.0084710e-01
   4.0872379e-01  -5.7819562e-01
   5.2217248e-01  -1.1041186e+00
   2.6914562e-01  -9.9990213e-01
   4.9730557e-01  -1.0775061e+00
   3.0399831e-01  -5.3934160e-01
   5.3439736e-01  -1.3469656e+00
   3.1902599e-01  -9.1400729e-01
   2.6509210e-01  -9.0193959e-01
   5.1570141e-01  -1.3546530e+00
   5.2417427e-01  -1.4068795e+00
   2.6574856e-01  -7.4081312e-01
   3.0870344e-01  -6.9149579e-01
   2.5539123e-01  -9.1115912e-01
   5.0498959e-01  -9.6008231e-01
   3.6272935e-01  -1.2030415e+00
   3.5869430e-01  -1.0737096e+00
   6.7884687e-01  -1.2926238e+00
   4.9435901e-01  -1.3517870e+00
   4.3036077e-01  -1.1144498e+00
   4.2499808e-01  -1.0057373e+00
   3.6384015e-01  -8.2362642e-01
   3.9962711e-01  -1.1716974e+00
   2.7213770e-01  -8.3668083e-01
   3.6707649e-01  -1.3467472e+00
   2.6248698e-01  -8.7054428e-01
   1.5699941e-01  -8.4274721e-01
   6.4400497e-02  -8.0217767e-01
   1.8961083e-01  -6.8500588e-01
   2.1850369e-01  -7.2009550e-01
   4.1715226e-01  -5.8470251e-01
   2.7958543e-01  -9.0611199e-01
   4.4402518e-01  -7.5850786e-01
   1.6561340e-01  -5.2366863e-01
   4.4364200e-01  -9.5092440e-01
   2.5313665e-01  -8.3345396e-01
   4.4783764e-01  -8.9095432e-01
   4.1725525e-01  -1.2325942e+00
   5.1811170e-01  -1.1638827e+00
   2.4239657e-01  -6.1822721e-01
   3.6712289e-01  -1.0762754e+00
   3.2293644e-01  -1.0212366e+00
   3.1624896e-01  -6.6199059e-01
   3.2933065e-01  -8.2087511e-01
   4.8343379e-01  -9.3253427e-01
   2.9509667e-01  -8.0983315e-01
   3.9788781e-01  -8.6972465e-01
   2.1929507e-01  -7.3319301e-01
   4.6148186e-01  -9.7793071e-01
   2.9386655e-01  -1.0064945e+00
   4.0064452e-01  -1.2040401e+00
   4.4143944e-01  -1.0765952e+00
   3.2611949e-01  -1.1549025e+00
   3.9817881e-01  -7.7673925e-01
   2.9189841e-01  -7.9979197e-01
   2.7361936e-01  -5.4726387e-01
   2.6312118e-01  -9.0508709e-01
   3.1261135e-01  -6.1227977e-01
   4.3269453e-01  -1.3484428e+00
   3.8251581e-01  -5.5743454e-01
   1.6095769e-01  -5.9138045e-01
   5.6479467e-01  -1.0545457e+00
   1.9740663e-01  -6.0782526e-01
   2.2378022e-01  -7.7430351e-01
   2.6945671e-01  -9.9654483e-01
   5.8785051e-01  -9.1610326e-01
   3.8512173e-01  -9.8459642e-01
   2.3462835e-01  -7.3111996e-01
   3.5940714e-01  -1.3017330e+00
   2.6037226e-01  -7.8547400e-01
   3.9767472e-01  -7.1327110e-01
   1.6212767e-01  -7.5091807e-01
   2.3256892e-01  -1.3288463e+00
   4.8329788e-01  -1.0999484e+00
   2.8432176e-01  -6.3502024e-01
   4.0010209e-01  -1.5388899e+00
   6.1238716e-01  -1.6715406e+00
   4.9273466e-01  -7.1133803e-01
   4.8657022e-01  -1.1221302e+00
   3.0782853e-01  -7.9622990e-01
   1.9901658e-01  -9.8017413e-01
   3.6770479e-01  -1.0478995e+00
   2.8295174e-01  -9.1314783e-01
   2.4612468e-01  -1.0851376e+00
   4.4238157e-01  -1.3537883e+00
   2.3781397e-01  -9.5809691e-01
   3.3896513e-01  -1.0018127e+00
   4.0235814e-01  -9.7109699e-01
   4.6128416e-01  -1.3287732e+00
   4.1662952e-01  -1.2608218e+00
   3.7881496e-01  -1.3658012e+00
   4.8027197e-01  -1.2145821e+00
   2.2512516e-01  -8.9429322e-01
   3.5341952e-01  -1.3318398e+00
