   3.0284001e+00
   4.3356750e+00
   6.2108101e+00
   2.7549917e+00
   7.4463780e+00
   2.8981458e+00
   2.7049647e+00
   3.2986102e+00
   2.6250127e+00
   2.6462885e+00
   2.4480427e+00
   2.9051659e+00
   4.7218557e+00
   3.4945258e+00
   3.8711040e+00
   2.5885149e+00
   7.1938515e+00
   8.3697834e+00
   3.1314666e+00
   5.7346183e+00
   2.5946735e+00
   1.1953671e+01
   2.7395648e+00
   6.1459205e+00
   2.4860184e+00
   3.3405232e+00
   2.4907628e+00
   5.8961231e+00
   8.3819204e+00
   1.1726609e+01
   2.6167565e+00
   2.3530605e+00
   3.2702697e+00
   5.2926717e+00
   2.5423725e+00
   2.3845862e+00
   3.4389326e+00
   2.6639054e+00
   2.6544104e+00
   2.7274445e+00
   2.7147097e+00
   2.9480878e+00
   6.1698718e+00
   2.6224716e+00
   4.1761303e+00
   2.1932036e+00
   2.5878296e+00
   3.2115827e+00
   2.5792988e+00
   2.6421655e+00
   4.5068954e+00
   2.9514313e+00
   3.7290156e+00
   7.9189188e+00
   9.5404635e+00
   2.5962385e+00
   2.4730321e+00
   3.0822123e+00
   2.6069003e+00
   8.6713595e+00
   2.9675690e+00
   3.0007376e+00
   2.4801516e+00
   1.2032761e+01
   2.7117061e+00
   2.4446517e+00
   4.1503377e+00
   3.4899712e+00
   3.8851376e+00
   2.6092330e+00
   3.8222177e+00
   3.7195423e+00
   3.5548700e+00
   3.2106881e+00
   2.5740963e+00
   2.9706466e+00
   3.3486613e+00
   2.7622374e+00
   2.4043340e+00
   4.1165897e+00
   5.9617602e+00
   4.2376868e+00
   3.0708756e+00
   4.3897709e+00
   2.4978704e+00
   2.5257132e+00
   2.7085044e+00
   3.2368351e+00
   2.1285817e+00
   2.5367978e+00
   2.8697021e+00
   3.0082297e+00
   3.2099250e+00
   2.2780146e+00
   6.9684920e+00
   1.7878436e+00
   3.2489651e+00
   6.3766415e+00
   2.4574126e+00
   3.7361015e+00
   3.3586459e+00
   4.6933661e+00
   2.0022457e+00
   2.4583764e+00
   3.8328193e+00
   2.6923195e+00
   3.3781532e+00
   5.2230258e+00
   2.3882887e+00
   3.2546855e+00
   3.4408519e+00
   2.5755528e+00
   1.7444548e+00
   2.9544395e+00
   2.7421848e+00
   5.5974495e+00
   9.2071760e+00
   2.4359316e+00
   2.3335467e+00
   3.3772581e+00
   9.1597706e+00
   3.0562665e+00
   2.1608864e+00
   2.6965836e+00
   6.4176622e+00
   2.6267363e+00
   3.2504195e+00
   2.5576653e+00
   1.6050673e+01
   2.9610363e+00
   7.8244495e+00
   1.0361968e+01
   4.7199415e+00
   4.4694711e+00
   9.8192849e+00
   2.7767096e+00
   3.4468175e+00
   8.4736957e+00
   2.3216896e+00
   2.7172014e+00
   2.8504106e+00
   2.0628776e+00
   3.6804691e+00
   2.3866351e+00
   4.2794002e+00
   1.3334709e+01
   5.0157927e+00
   2.4469429e+00
   2.2002560e+00
   3.3702524e+00
   6.7921578e+00
   3.4429221e+00
   4.4338304e+00
   7.2663535e+00
   3.4924270e+00
   2.3869559e+00
   1.1821863e+01
   2.9639113e+00
   3.3307668e+00
   7.3311087e+00
   4.3177159e+00
   6.8292031e+00
   3.0459751e+00
   6.1481363e+00
   4.6231524e+00
   3.1168121e+00
   2.7416313e+00
   4.9273975e+00
   3.0149318e+00
   3.5973742e+00
   3.4444001e+00
   2.6257355e+00
   2.5032389e+00
   2.1619271e+00
   2.8640520e+00
   3.6555764e+00
   3.6842263e+00
   6.2523941e+00
   5.7918880e+00
   1.0893766e+01
   5.8765826e+00
   3.4263380e+00
   1.9558607e+00
   4.3620290e+00
   1.9819412e+00
   1.7580476e+00
   5.3710094e+00
   2.2468434e+00
   3.1675438e+00
   1.9147666e+00
   2.4896633e+00
   3.2489391e+00
   3.0524473e+00
   2.9784208e+00
   2.9316847e+00
   7.9300520e+00
   3.0113816e+00
   2.9794995e+00
   8.4410642e+00
   2.4172225e+00
   3.0741487e+00
   2.4888615e+00
   5.7529619e+00
   2.1073940e+00
   2.0809288e+00
   3.3383949e+00
   2.8861743e+00
   2.7285092e+00
   2.4898418e+00
   2.3359909e+00
   6.2474016e+00
   2.2665183e+00
   3.5040617e+00
   2.7423152e+00
   2.3955423e+00
   4.0812703e+00
   3.1584354e+00
   8.3755576e+00
   4.9175910e+00
   2.7688291e+00
   2.7112261e+00
   2.3021933e+00
   1.4689830e+01
   2.8591639e+00
   3.0923062e+00
   2.6983322e+00
   2.5186461e+00
   5.0473538e+00
   4.0662209e+00
   1.6924647e+01
   6.3312968e+00
   2.7311887e+00
   2.2101807e+00
   6.4504645e+00
   1.7211757e+00
   5.6234981e+00
   2.9439132e+00
   2.5492328e+00
   1.6534180e+00
   8.2742242e+00
   4.8816475e+00
   7.7394373e+00
   2.4101572e+00
   5.7659452e+00
   2.6523987e+00
   3.1184110e+00
   3.2337897e+00
   2.6095119e+00
   7.0922822e+00
   3.6061032e+00
   3.7255457e+00
   9.8416934e+00
   7.1492969e+00
   2.9534383e+00
   3.2769859e+00
   4.3459720e+00
   1.0134513e+01
   3.5096086e+00
   9.7990968e+00
   2.5235812e+00
   6.3862071e+00
   1.7005343e+00
   6.3041181e+00
   1.4511218e+00
   7.1026166e+00
   1.6552905e+00
   3.1975094e+00
   3.5315444e+00
   3.6859621e+00
   3.0668332e+00
   3.0092743e+00
   3.5572100e+00
   4.6914649e+00
   2.3815359e+00
   2.5929761e+00
   3.8560271e+00
   4.8109894e+00
   2.7219684e+00
   2.4870253e+00
   2.4258184e+00
   3.3354647e+00
   3.1105534e+00
   3.3227083e+00
   3.0522634e+00
   2.0789893e+00
   4.0742956e+00
   5.7513967e+00
   6.9460367e+00
   4.0066074e+00
   2.4256743e+00
   4.3239809e+00
   2.6583164e+00
   2.7148536e+00
   2.8502572e+00
   3.7219830e+00
   2.9044372e+00
   8.5293324e+00
   2.7086502e+00
   2.4971876e+00
   2.8884780e+00
   2.8833223e+00
   2.5918120e+00
   8.7727120e+00
   2.4117295e+00
   3.4722019e+00
   2.7764822e+00
   2.9310939e+00
   3.0768068e+00
   3.1634558e+00
   2.4110817e+00
   2.7622875e+00
   2.5680692e+00
   1.9951442e+00
   4.5220989e+00
   2.5226805e+00
   3.1308432e+00
   3.1029510e+00
   2.8347019e+00
   3.5595025e+00
   3.9736066e+00
   2.5132244e+00
   3.1664152e+00
   4.4760906e+00
   3.1528287e+00
   2.1079027e+00
   2.9145443e+00
   3.3931108e+00
   2.5882245e+00
   6.5075173e+00
   2.3061776e+00
   3.7254759e+00
   4.4762443e+00
   2.5189433e+00
   2.7507233e+00
   4.0844463e+00
   5.4962448e+00
   2.4774645e+00
   2.5984945e+00
   3.1447483e+00
   2.1248217e+00
   2.4925257e+00
   2.4732685e+00
   4.4378932e+00
   4.3094387e+00
   8.6896778e+00
   6.2973064e+00
   4.7596199e+00
   3.7329270e+00
   2.8283734e+00
   3.5364243e+00
   2.2562581e+00
   7.7768416e+00
   3.1583553e+00
   2.5934266e+00
   3.0652002e+00
   2.6821406e+00
   1.0047226e+01
   2.2934494e+00
   2.3346175e+00
   3.0905700e+00
   2.7101561e+00
   3.6781027e+00
   2.2417035e+00
   2.2839990e+00
   2.6227516e+00
   2.7110020e+00
   3.1482323e+00
   2.4597796e+00
   2.9383707e+00
   2.3786266e+00
   4.3369790e+00
   1.6422010e+01
   2.7959949e+00
   3.0571331e+00
   2.7393328e+00
   2.5669139e+00
   3.6484395e+00
   2.3734126e+00
   2.5681467e+00
   4.6547680e+00
   3.2511800e+00
   3.9023514e+00
   5.4972685e+00
   2.6359724e+00
   2.5313549e+00
   2.5381126e+00
   3.2516615e+00
   4.1426231e+00
   2.5643535e+00
   3.2172906e+00
   2.1189510e+00
   2.9946270e+00
   2.7130272e+00
   2.7611293e+00
   6.5984923e+00
   4.8002868e+00
   3.9843169e+00
   4.4846864e+00
   1.8737867e+00
   3.2164427e+00
   5.8349780e+00
   2.9690659e+00
   2.4842892e+00
   3.1459206e+00
   2.2035724e+00
   3.7352643e+00
   3.5176250e+00
   2.5122167e+00
   2.4470824e+00
   2.4457573e+00
   3.2586607e+00
   2.5162930e+00
   4.7813930e+00
   9.5223044e+00
   2.8784252e+00
   2.6687219e+00
   2.5313866e+00
   3.3581182e+00
   5.0572894e+00
   2.3713747e+00
   3.7247458e+00
   1.9301284e+00
   2.1329162e+00
   5.7375541e+00
   6.7520206e+00
   3.2309032e+00
   3.0670805e+00
   8.7991025e+00
   2.2937808e+00
   2.4367873e+00
   3.4954951e+00
   3.9552560e+00
   8.1343487e+00
   1.4657991e+00
   2.3372823e+00
   3.3206608e+00
   3.7962662e+00
   1.9425538e+00
   2.6351082e+00
   2.3848004e+00
   2.9796314e+00
   2.3080837e+00
   2.6608883e+00
   2.6723884e+00
   3.7043446e+00
   5.0586521e+00
   3.8102430e+00
   2.4156203e+00
   1.3882500e+01
   3.6431106e+00
   2.8413063e+00
   2.9335731e+00
   3.7289875e+00
   1.9089198e+00
   2.4699856e+00
   1.8267386e+00
   5.1094924e+00
   2.2065097e+00
   2.5241669e+00
   2.6724380e+00
   2.9404611e+00
   2.1016952e+00
   1.1171557e+01
   5.5506500e+00
   4.9712063e+00
   7.3113165e+00
   2.4567963e+00
   3.2661669e+00
   4.8892959e+00
   3.2755641e+00
   7.8953114e+00
   2.6558362e+00
   2.4429233e+00
   2.9023556e+00
   2.8521562e+00
   2.9993597e+00
   2.8630165e+00
   2.8615603e+00
   2.3587606e+00
   3.1184876e+00
   2.0068931e+00
   4.4545806e+00
   2.3944730e+00
   2.6879279e+00
   2.4894922e+00
   2.9530521e+00
   6.8996905e+00
   2.6292422e+00
   4.2072598e+00
   4.2465750e+00
   2.8473997e+00
   2.3339033e+00
   2.6539363e+00
   2.3451795e+00
   7.3150388e+00
   2.8142393e+00
   2.5353892e+00
   2.8021589e+00
   3.9843963e+00
   5.6756162e+00
   2.4752753e+00
   2.7422577e+00
   4.9375112e+00
   3.1480822e+00
   3.6330487e+00
   2.1637620e+00
   8.5614968e+00
   3.0894648e+00
   2.5853694e+00
   3.4026115e+00
   4.6866920e+00
   8.7733569e+00
   2.4661581e+00
   2.9144539e+00
   3.0316420e+00
   2.2632249e+00
   2.4378664e+00
   3.1494779e+00
   3.9890049e+00
   2.9900875e+00
   2.3562844e+00
   2.5332301e+00
   1.7654717e+01
   3.0652237e+00
   3.1221135e+00
   2.8149117e+00
   9.3321627e+00
   2.8678558e+00
   4.1742347e+00
   2.5069172e+00
   1.1654736e+01
   1.7630087e+00
   7.1196764e+00
   2.1256815e+00
   3.1239207e+00
   2.6354555e+00
   2.4375270e+00
   2.4551998e+00
   2.4524890e+00
   6.0738541e+00
   1.9665793e+00
   2.2334167e+00
   5.0856956e+00
   1.2135200e+01
   3.4301455e+00
   2.9146315e+00
   3.5958903e+00
   2.9984231e+00
   4.3514849e+00
   7.6062866e+00
   6.3021837e+00
   2.5369203e+00
   2.8134300e+00
   2.9215661e+00
   6.1286450e+00
   1.5183595e+00
   2.1313182e+00
   2.7796696e+00
   6.5189658e+00
   2.8355172e+00
   3.7395278e+00
   1.1122894e+01
   3.0384992e+00
   3.2093968e+00
   2.8252389e+00
   2.1578521e+00
   3.6728291e+00
   3.7086556e+00
   4.0297679e+00
   9.4364083e+00
   2.6127671e+00
   2.7712004e+01
   2.3326931e+00
   3.0516056e+00
   2.2444015e+00
   2.8826918e+00
   5.5283883e+00
   8.6004540e+00
   3.3946109e+00
   2.4777286e+00
   9.1541974e+00
   2.6803258e+00
   2.8281990e+00
   1.8575101e+00
   1.8417860e+00
   2.2269688e+00
   2.4340667e+00
   2.4833314e+00
   3.2008130e+00
   7.4740044e+00
   2.8810668e+00
   3.1314263e+00
   4.6177728e+00
   2.7835236e+00
   4.4101814e+00
   3.0705076e+00
   2.6503462e+00
   2.5030528e+00
   6.4610404e+00
   3.9535158e+00
   2.9925781e+00
   6.4409861e+00
   2.7166885e+00
   1.1188615e+01
   3.0027958e+00
   2.5857482e+00
   4.4262282e+00
   2.6020788e+00
   3.1533033e+00
   1.1903129e+01
   2.7014128e+00
   2.8267836e+00
   2.6205292e+00
   2.5246987e+00
   1.1467763e+01
   1.0143394e+01
   2.6612814e+00
   2.7369679e+00
   4.6072859e+00
   2.9880820e+00
   6.1897438e+00
   2.5658307e+00
   2.7742664e+00
   2.8791378e+00
   4.5520686e+00
   3.5441588e+00
   2.6410987e+00
   3.6182810e+00
   1.3350891e+01
   4.1332609e+00
   3.0878550e+00
   2.5320388e+00
   2.5961324e+00
   2.5966839e+00
   2.2495740e+00
   2.7981017e+00
   4.9759338e+00
   2.5185736e+00
   2.3314497e+00
   7.0443511e+00
   2.4634241e+00
   2.4741401e+00
   2.8233438e+00
   3.6447064e+00
   8.6175503e+00
   4.2488269e+00
   3.3039252e+00
   4.4289608e+00
   1.2123180e+00
   3.2868714e+00
   6.5402308e+00
   2.3836888e+00
   9.9233760e-01
   2.4086193e+00
   2.5403781e+00
   2.5342770e+00
   2.4782978e+00
   2.5974385e+00
   3.6528744e+00
   2.4160572e+00
   1.1687660e+01
   4.2462910e+00
   2.0438111e+00
   6.7506075e+00
   2.3154157e+00
   5.1397745e+00
   3.7596219e+00
   2.0568005e+01
   2.7090246e+00
   4.0268583e+00
   2.4227543e+00
   4.0047937e+00
   2.5904002e+00
   3.5840896e+00
   7.6837078e+00
   3.6379377e+00
   1.3928929e+00
   5.4524025e+00
   2.8825435e+00
   3.7888345e+00
   4.1065564e+00
   3.6903581e+00
   3.3354148e+00
   5.7522284e+00
   9.1288828e+00
   2.4218071e+00
   3.3104069e+00
   2.5441769e+00
   4.1565764e+00
   8.9326327e+00
   2.5799089e+00
   4.1555554e+00
   2.8736268e+00
   3.0459527e+00
   2.6146454e+00
   9.4486897e+00
   1.0772078e+01
   2.7553892e+00
   2.2491073e+00
   2.9213909e+00
   2.5195075e+00
   2.4871533e+00
   2.8212443e+00
   2.5056061e+00
   4.3311826e+00
   6.3188622e+00
   3.8158699e+00
   3.9242743e+00
   8.2685621e+00
   2.1866154e+00
   5.4616927e+00
   2.6846440e+00
   5.7118530e+00
   2.4487403e+00
   3.8554699e+00
   3.0162781e+00
   3.2308587e+00
   2.3608710e+00
   2.3851102e+00
   1.6913687e+01
   2.9313220e+00
   2.9197946e+00
   9.6395575e+00
   3.1605853e+00
   2.3823002e+00
   5.8545803e+00
   2.8885708e+00
   2.3349159e+00
   2.5743700e+00
   2.9001781e+00
   7.6178207e+00
   3.3652099e+00
   2.1107596e+00
   2.6202149e+00
   2.7911862e+00
   8.1826776e+00
   5.4952491e+00
   2.4107662e+00
   2.6911685e+00
   3.9842498e+00
   4.0955920e+00
   2.4989816e+00
   4.9942451e+00
   2.6240568e+00
   4.8613666e+00
   2.8942452e+00
   2.4629667e+00
   5.7559043e+00
   2.0380600e+00
   3.4224597e+00
   2.3831455e+00
   2.5209573e+00
   2.3383547e+00
   4.8206394e+00
   2.6640321e+00
   8.2778072e+00
   2.5629717e+00
   2.6982843e+00
   2.9053679e+00
   2.8745158e+00
   2.8325195e+00
   4.2457123e+00
   2.6609529e+00
   5.9007738e+00
   3.4737200e+00
   2.5298015e+00
   5.8728654e+00
   2.4647804e+00
   4.5015274e+00
   1.9939917e+00
   4.4878673e+00
   4.3187990e+00
   2.4665885e+00
   5.1711518e+00
   5.3520241e+00
   4.2862226e+00
   1.9531199e+00
   5.0071504e+00
   7.4737869e+00
   2.4348950e+00
   3.9261533e+00
   4.3418445e+00
   2.4743940e+00
   3.5349022e+00
   9.1456529e+00
   8.2783282e+00
   2.9396829e+00
   2.9440542e+00
   2.4960992e+00
   2.9367850e+00
   3.2378704e+00
   4.4214082e+00
   2.9139200e+00
   3.3095601e+00
   2.5452610e+00
   6.2173828e+00
   3.0611889e+00
   4.5108521e+00
   2.7057526e+00
   2.5735727e+00
   3.3619215e+00
   2.0566786e+00
   5.4356655e+00
   5.5009912e+00
   8.6066774e+00
   3.2893218e+00
   5.7733455e+00
   3.3014196e+00
   4.3069875e+00
   3.3703900e+00
   2.6813568e+00
   6.0409288e+00
   5.5835428e+00
   1.3722907e+00
   2.1940912e+00
   7.3054956e+00
   7.5729705e+00
   3.2527953e+00
   2.0971801e+00
   1.1550398e+01
   1.0586500e+01
   4.8872293e+00
   2.7298558e+00
   6.2693603e+00
   2.3935887e+00
   4.1363132e+00
   4.4329883e+00
   3.8923503e+00
   5.4966511e+00
   8.9645839e+00
   2.6809038e+00
   3.0419760e+00
   3.3818478e+00
   2.5143606e+00
   2.5030814e+00
   2.1378565e+00
   2.6450128e+00
   2.4311707e+00
   5.8313325e+00
   2.0583908e+00
   2.6514084e+00
   2.9702026e+00
   2.6603111e+00
   7.1689781e+00
   2.8283645e+00
   7.8420810e+00
   3.6023815e+00
   2.8931700e+00
   2.7248594e+00
   3.8194869e+00
   2.4974089e+00
   3.0376330e+00
   3.8308426e+00
   3.0429238e+00
   5.6470200e+00
   2.4094480e+00
   5.5646656e+00
   2.7643437e+00
   2.7886139e+00
   2.8232074e+00
   2.8870168e+00
   2.7701518e+00
   3.0445696e+00
   3.4441587e+00
   4.0001623e+00
   4.5830227e+00
   3.0266234e+00
   5.1711617e+00
   6.1726031e+00
   2.3861376e+00
   2.8259373e+00
   2.2292418e+00
   5.0052632e+00
   4.1988471e+00
   8.9639442e+00
   4.2449458e+00
   4.1620504e+00
   6.1588062e+00
   2.7155176e+00
   2.9919711e+00
   3.4958230e+00
   5.2751400e+00
   2.5134612e+00
   3.8061649e+00
   2.4822767e+00
   8.0945920e+00
   2.6116730e+00
   3.0367866e+00
   2.9105009e+00
   2.5223328e+00
   6.9589199e+00
   2.4492814e+00
   3.3856346e+00
   7.6067384e+00
   2.6844594e+00
   2.3516687e+00
   6.0746507e+00
   2.7595646e+00
   7.8727615e+00
   5.8738811e+00
   2.4748411e+00
   3.3970412e+00
   3.3180949e+00
   9.0423157e+00
   2.3043858e+00
   3.2066824e+00
   4.0469913e+00
   3.2382706e+00
   5.8755412e+00
   6.1174665e+00
   2.5406965e+00
   3.8218081e+00
   2.4587294e+00
   2.8745120e+00
   2.9283519e+00
   2.8923441e+00
   4.0710306e+00
   2.8398347e+00
   2.6845862e+00
   2.6116193e+00
   2.5394755e+00
   2.6728361e+00
   2.2511157e+00
   4.4288735e+00
   3.0117494e+00
   3.0581560e+00
   3.0071185e+00
   2.8052401e+00
   4.8309613e+00
   3.4801671e+00
   2.2669237e+00
   4.3222740e+00
   1.0379322e+01
   2.4917123e+00
   3.2744056e+00
   3.1290852e+00
   2.6190216e+00
   2.7016029e+00
   5.5525118e+00
   6.3373720e+00
   1.6505592e+01
   3.0422542e+00
   2.3429098e+00
   8.1782137e+00
   2.7784680e+00
   5.7239945e+00
   4.2828278e+00
   8.9612640e+00
   1.1251346e+00
   2.7991351e+00
   2.3846833e+00
   4.3558960e+00
   3.9899727e+00
   2.8561606e+00
   2.8085711e+00
   3.3014039e+00
   5.4756459e+00
   1.9264612e+00
   3.6632759e+00
   2.3467590e+00
   2.4668301e+00
   6.7637655e+00
   2.6923415e+00
   2.6043645e+00
   5.1531634e+00
   4.1200872e+00
   4.0045084e+00
   2.6458846e+00
   5.3151511e+00
   2.4794802e+00
   2.1174979e+00
   5.0846033e+00
   2.7682017e+00
   3.8491376e+00
   2.5112716e+00
   2.4720394e+00
   2.3356569e+00
   3.2541358e+00
   4.7175208e+00
   3.2784840e+00
   2.6942675e+00
   2.4877434e+00
   5.0017764e+00
   2.2343341e+00
   2.6526413e+00
   3.3986422e+00
   2.6628207e+00
   2.4902368e+00
   2.6251966e+00
   2.5543053e+00
   3.8383177e+00
   2.4679385e+00
   3.6244117e+00
   2.5229741e+00
   2.5433145e+00
   6.4730180e+00
   2.2598040e+00
   2.7118895e+00
   4.6923347e+00
   2.8635634e+00
   2.4731661e+00
   5.1569828e+00
   3.2427159e+00
   9.7052623e+00
   2.4294415e+00
   2.5106618e+00
   2.7922669e+00
   2.8903862e+00
   2.8680030e+00
   2.8482082e+00
   3.7414696e+00
   4.2088492e+00
   3.9009062e+00
   2.6202904e+00
   2.3414229e+00
   2.6427427e+00
   3.0089017e+00
   2.8280834e+00
   2.7633745e+00
   6.8651564e+00
   2.9853190e+00
   4.1816129e+00
   3.1008311e+00
   2.4019236e+00
   2.6040362e+00
   2.4899169e+00
   3.7989102e+00
   2.8631510e+00
   2.5855695e+00
   2.5228487e+00
   2.0632248e+00
   3.1691258e+00
   2.2720001e+00
   3.0489929e+00
   2.4715045e+00
   2.5258845e+00
   2.8950248e+00
   3.1343484e+00
   2.4842461e+00
   2.9304676e+00
   2.8559353e+00
   3.1787581e+00
   2.2721003e+00
   2.6799232e+00
   2.3718364e+00
   2.7126818e+00
   3.0580892e+00
   3.4268733e+00
   2.6359100e+00
   4.6532630e+00
   4.4268753e+00
   4.1924677e+00
   2.4220987e+00
   3.1544655e+00
   2.5842210e+00
   3.3006579e+00
   2.7488825e+00
   9.0487104e+00
   2.9898216e+00
   4.0806376e+00
   9.4279823e+00
   2.4533602e+00
   2.5975046e+00
   6.1016767e+00
   2.0575473e+00
   1.9898384e+00
   1.4134570e+01
   5.0896346e+00
   3.9501618e+00
   3.5480027e+00
   2.1720374e+00
   2.6464284e+00
   3.5981264e+00
   2.8651384e+00
   2.4406228e+00
   7.9826078e+00
   4.1090397e+00
   2.4660312e+00
   3.9962398e+00
   5.1206730e+00
   3.7250768e+00
   4.1185518e+00
   2.8100170e+00
   2.3882432e+00
   3.8053122e+00
   3.1282412e+00
   4.5422817e+00
   2.5351329e+00
   2.8492098e+00
   2.6739836e+00
   3.3954658e+00
   2.6829176e+00
   3.8514658e+00
   2.6448874e+00
   3.1311896e+00
   2.3559031e+00
   2.7564208e+00
   3.4607538e+00
   3.3170660e+00
   4.1994368e+00
   3.2281022e+00
   2.5896483e+00
   4.7493736e+00
   6.5912333e+00
   4.8303997e+00
   2.6966918e+00
   2.1702148e+00
   5.0367721e+00
   2.4715592e+00
   2.5771890e+00
   5.9731694e+00
   3.5535178e+00
   4.4360436e+00
   2.7384383e+00
   6.6770851e+00
   2.4559952e+00
   3.9812563e+00
   3.4364873e+00
   2.5453853e+00
   2.7101679e+00
   3.4021826e+00
   1.4238824e+01
   4.6632428e+00
   5.6203339e+00
   2.4632793e+00
   2.2623566e+00
   2.8616851e+00
   5.4293667e+00
   3.2842792e+00
   2.0585550e+00
   2.9715880e+00
   4.4295947e+00
   2.3000148e+00
   3.7512188e+00
   2.3562604e+00
   3.4091996e+00
   3.7586823e+00
   2.2974881e+00
   2.6309262e+00
   1.0683168e+01
   6.9307179e+00
   2.4261965e+00
   2.5133199e+00
   2.4656289e+00
   2.8918689e+00
   2.7021646e+00
   5.3415744e+00
   3.1180109e+00
   3.0702558e+00
   2.4374571e+00
   2.6784230e+00
   2.6200683e+00
   3.0699250e+00
   2.5576512e+00
   5.4238951e+00
   9.4399353e+00
   1.8488818e+01
   4.1239615e+00
   2.6386511e+00
   2.6165102e+00
   2.2575081e+00
   8.4904868e+00
   2.3742047e+00
   3.8139644e+00
   2.6062024e+00
   3.0702506e+00
   1.6659242e+01
   2.8949069e+00
   2.2909742e+00
   3.3913237e+00
   7.5328844e+00
   2.4288531e+00
   7.9943402e+00
   1.6537215e+00
   2.6076591e+00
   3.5686647e+00
   1.9156175e+00
   2.5417398e+00
   3.0758756e+00
   3.8155922e+00
   2.8013847e+00
   2.4063265e+00
   4.7771461e+00
   5.6232135e+00
   2.5215389e+00
   2.3889177e+00
   2.4316982e+00
   3.9645970e+00
   2.5052158e+00
   2.2622428e+00
   2.7513278e+00
   7.4863896e+00
   2.6510870e+00
   8.8225321e+00
   2.5709967e+00
   2.6067558e+00
   1.9208820e+00
   6.6232492e+00
   5.6738938e+00
   2.4929871e+00
   4.0533136e+00
   6.3747257e+00
   5.6932474e+00
   6.6650127e+00
   2.3437661e+00
   3.8128223e+00
   3.5699958e+00
   9.8766638e+00
   3.3599359e+00
   2.7355820e+00
   2.8880671e+00
   5.9280227e+00
   2.6112498e+00
   1.4058472e+01
   3.8314822e+00
   2.0330347e+00
   6.9090585e+00
   6.2097430e+00
   4.6367530e+00
   4.0823243e+00
   7.7589001e+00
   2.9668926e+00
   2.4658918e+00
   3.7025482e+00
   2.6838792e+00
   3.3265721e+00
   2.4583077e+00
   5.9176110e+00
   2.9511869e+00
   3.2321477e+00
   2.7382584e+00
   7.4777162e+00
   2.6269542e+00
   8.0094248e+00
   2.7723115e+00
   3.7791757e+00
   3.0060282e+00
   2.6512941e+00
   9.8002415e+00
   2.1751788e+00
   2.1736754e+00
   2.7615283e+00
   2.2713454e+00
   2.5830161e+00
   2.8938416e+00
   2.5490432e+00
   2.5210247e+00
   3.5554166e+00
   2.4137242e+00
   4.0714851e+00
   7.5297185e+00
   3.9240537e+00
   5.5021548e+00
   3.8185625e+00
   3.8639249e+00
   1.1636409e+01
   3.0239925e+00
   2.5784372e+00
   5.3535529e+00
   8.3437037e+00
   3.9416583e+00
   6.9623335e+00
   2.5904569e+00
   3.4216736e+00
   2.4201196e+00
   2.3108208e+00
   5.9801816e+00
   4.4664458e+00
   3.4940204e+00
   8.0236388e+00
   2.3079795e+00
   2.7589993e+00
   2.6416147e+00
   2.4335989e+00
   3.3709423e+00
   3.4493889e+00
   2.3429621e+00
   2.9438106e+00
   2.3228546e+00
   2.2537059e+00
   2.2402821e+00
   2.5587778e+00
   4.2319965e+00
   2.5304300e+00
   3.0815326e+00
   1.0996456e+01
   2.9296922e+00
   5.5465956e+00
   5.8453778e+00
   2.7492284e+00
   3.5871608e+00
   3.3568955e+00
   2.9706060e+00
   4.6550239e+00
   2.4449115e+00
   2.6682360e+00
   3.0248587e+00
   2.7595221e+00
   2.6020802e+00
   2.2759838e+00
   2.7293115e+00
   5.1344036e+00
   2.7353185e+00
   3.7664438e+00
   2.9151081e+00
   3.6057987e+00
   2.9642548e+00
   4.0477711e+00
   2.1989791e+00
   2.6882124e+00
   2.2911243e+00
   3.4718709e+00
   2.5048151e+00
   2.4339414e+00
   3.5249991e+00
   2.5739723e+00
   4.2689042e+00
   2.2606610e+00
   4.3388871e+00
   2.5667158e+00
   3.8357157e+00
   2.0793955e+00
   5.3377497e+00
   2.8951020e+00
   3.6691807e+00
   2.1828010e+00
   3.9797258e+00
   2.5174582e+00
   2.6122899e+00
   1.4713350e+01
   4.2548471e+00
   2.7039314e+00
   4.3571357e+00
   2.7272741e+00
   1.8689607e+00
   2.4307511e+00
   3.7420100e+00
   3.2100575e+00
   3.0012293e+00
   3.3674125e+00
   4.8479206e+00
   3.9901346e+00
   8.6316063e+00
   2.7853407e+00
   2.7141578e+00
   1.7488519e+00
   3.4845451e+00
   2.4473499e+00
   2.9819795e+00
   1.5778647e+01
   2.5844136e+00
   2.7073202e+00
   4.6895301e+00
   3.1864213e+00
   2.6422648e+00
   5.0042953e+00
   3.1648868e+00
   1.4387638e+01
   3.6852966e+00
   3.0669122e+00
   8.7902296e+00
   3.4742777e+00
   3.2350520e+00
   5.2641380e+00
   2.2043110e+00
   8.9104010e+00
   3.9816090e+00
   2.5112374e+00
   3.4680077e+00
   2.2960328e+00
   2.4189862e+00
   2.6550826e+00
   1.7080887e+00
   3.9069457e+00
   3.4672961e+00
   6.2542059e+00
   2.2592682e+00
   2.8109943e+00
   2.5173417e+00
   3.1744898e+00
   3.4898216e+00
   6.1969326e+00
   2.9797947e+00
   2.3913937e+00
   3.0690797e+00
   2.9442925e+00
   7.5806645e+00
   3.5891649e+00
   2.4027040e+00
   2.6575457e+00
   3.6276970e+00
   9.1962006e+00
   6.9999271e+00
   2.5049114e+00
   2.3862714e+00
   3.7798696e+00
   4.2280330e+00
   2.5269174e+00
   2.8547031e+00
   2.5644980e+00
   2.4134807e+00
   2.9185632e+00
   3.3435130e+00
   6.1099918e+00
   2.9730502e+00
   3.4410694e+00
   7.7467210e+00
   2.9949265e+00
   2.3667692e+00
   3.5101252e+00
   2.2211543e+00
   3.2952701e+00
   2.5559342e+00
   3.7019102e+00
   2.5844699e+00
   2.5365375e+00
   2.7529102e+00
   2.7730259e+00
   1.3968571e+00
   3.0763080e+00
   3.9204589e+00
   2.9478126e+00
   4.4197574e+00
   2.5530415e+00
   1.3558236e+01
   2.7387131e+00
   2.4967425e+00
   3.1379902e+00
   2.2453108e+00
   2.6069472e+00
   2.5674219e+00
   6.9325757e+00
   2.8178284e+00
   1.3226227e+00
   3.2823904e+00
   3.1393992e+00
   4.5833316e+00
   4.0256017e+00
   4.1508404e+00
   3.7229644e+00
   2.6932680e+00
   2.3138509e+00
   3.9160776e+00
   2.0215981e+00
   2.5915137e+00
   3.5214715e+00
   7.6003163e+00
   2.4464491e+00
   2.6783768e+00
   2.8499910e+00
   3.8851121e+00
   4.2825256e+00
   2.7172827e+00
   2.5489107e+00
   1.1941955e+01
   2.9943366e+00
   2.8980731e+00
   4.4866674e+00
   3.3664240e+00
   2.3186366e+00
   4.5836008e+00
   2.0948349e+00
   2.5105111e+00
   1.2693511e+01
   2.5512513e+00
   2.6723023e+00
   2.5022217e+00
   1.4056596e+01
   2.3329248e+00
   2.7472323e+00
   2.9275051e+00
   5.0124431e+00
   2.8893011e+00
   5.6892515e+00
   5.4753912e+00
   7.0900881e+00
   2.8996394e+00
   2.6027924e+00
   2.2952472e+00
   2.5526047e+00
   3.3994272e+00
   2.6424531e+00
   2.3741452e+00
   2.4238757e+00
   5.5023923e+00
   2.3522797e+00
   5.2890506e+00
   3.4441431e+00
   4.8986358e+00
   2.2772451e+00
   3.6677122e+00
   3.8971400e+00
   7.3342290e+00
   3.4718798e+00
   2.2995416e+00
   2.5012220e+00
   4.2467901e+00
   2.8528841e+00
   6.3388406e+00
   2.8759877e+00
   2.6589032e+00
   3.3943304e+00
   5.7163200e+00
   2.4965071e+00
   3.2029045e+00
   2.8524686e+00
   3.6433408e+00
   3.9940725e+00
   5.3794776e+00
   4.2737626e+00
   1.0061017e+01
   2.7704424e+00
   4.1952853e+00
   3.0481583e+00
   2.8058708e+00
   2.7028479e+00
   3.5734757e+00
   2.6297839e+00
   2.2004789e+00
   2.5229898e+00
   2.8559647e+00
   4.6428869e+00
   2.3397984e+00
   2.3182100e+00
   3.0262865e+00
   2.9828959e+00
   3.0291197e+00
   2.7249700e+00
   2.4838870e+00
   3.3816668e+00
   2.6143626e+00
   3.0791257e+00
   4.0890866e+00
   2.8512424e+00
   1.8098994e+01
   3.5504992e+00
   2.5467705e+00
   2.4939883e+00
   9.7283363e+00
   2.2881960e+00
   2.5860585e+00
   6.6322169e+00
   3.1227367e+00
   4.8521222e+00
   4.0439988e+00
   3.4564676e+00
   2.3032672e+00
   2.7300775e+00
   1.7734590e+01
   2.6967477e+00
   2.7748178e+00
   2.3271523e+00
   3.0087029e+00
   4.1247531e+00
   1.9779298e+01
   3.0120514e+00
   2.0773926e+00
   5.2896979e+00
   7.0010412e+00
   2.4115024e+00
   2.7967306e+00
   2.6187623e+00
   2.5985910e+00
   4.3616751e+00
   2.4954802e+00
   2.2006790e+00
   3.7062977e+00
   4.1778214e+00
   3.4331314e+00
   4.0158131e+00
   2.5654438e+00
   2.8197086e+00
   2.4075211e+00
   2.7386421e+00
   3.4509109e+00
   7.0763107e+00
   1.9948542e+00
   3.4957121e+00
   9.4203561e+00
   2.0376998e+00
   4.4631555e+00
   3.2367422e+00
   4.6263016e+00
   2.3094385e+00
   2.8541884e+00
   2.5365415e+00
   2.5137969e+00
   2.0784619e+00
   2.8642959e+00
   1.6444910e+00
   2.4323133e+00
   5.7632006e+00
   9.5306887e+00
   2.7997979e+00
   2.9806925e+00
   2.4015978e+00
   2.5853023e+00
   4.9673154e+00
   1.0753880e+01
   2.8830357e+00
   4.9664769e+00
   5.2164298e+00
   3.4291785e+00
   5.3344845e+00
   3.3184406e+00
   2.4527607e+00
   2.5131833e+00
   2.3866463e+00
   2.8246105e+00
   2.7596410e+00
   2.6258740e+00
   3.4935439e+00
   3.7136468e+00
   4.8998723e+00
   2.9413794e+00
   6.2462186e+00
   2.9001534e+00
   8.9080040e+00
   3.9244847e+00
   2.9258628e+00
   2.8826572e+00
   3.9209290e+00
   2.8854254e+00
   2.9060510e+00
   2.9646246e+00
   9.4061647e+00
   2.9234106e+00
   2.1154013e+00
   4.3768042e+00
   4.4477350e+00
   2.8810781e+00
   3.6133013e+00
   4.1165772e+00
   5.8723402e+00
   1.9079134e+00
   2.1013265e+00
   6.4489146e+00
   2.1133692e+00
   2.6198924e+00
   2.9141165e+00
   3.0952003e+00
   3.2579754e+00
   3.2435337e+00
   5.8206906e+00
   2.5777349e+00
   2.8336715e+00
   2.4382756e+00
   3.7070340e+00
   2.4212228e+00
   2.5826460e+00
   4.1582410e+00
   7.8996492e+00
   4.2099301e+00
   2.5730271e+00
   2.8018804e+00
   2.5594338e+00
   1.8602516e+00
   2.6309109e+00
   3.8460621e+00
   3.0656176e+00
   4.7090484e+00
   3.5887941e+00
   2.3427076e+00
   2.3607549e+00
   2.3136737e+00
   5.1880909e+00
   3.4350241e+00
   5.2092799e+00
   2.6868168e+00
   2.2283019e+00
   3.2171999e+00
   7.1698953e+00
   2.5239675e+00
   2.0877895e+00
   5.3413000e+00
   6.7802152e+00
   3.5044892e+00
   2.7945836e+00
   2.8402972e+00
   2.7444901e+00
   8.9500972e+00
   3.2336474e+00
   2.8214483e+00
   5.0111623e+00
   3.8031045e+00
   4.2880302e+00
   1.0118190e+01
   3.5484951e+00
   9.7072996e+00
   6.3807421e+00
   2.7215188e+00
   9.9509532e+00
   3.4688228e+00
   2.5447534e+00
   2.8919582e+00
   7.0601280e+00
   2.5997169e+00
   2.5480039e+00
   1.4968405e+01
   3.5109053e+00
   3.0355151e+00
   3.3750784e+00
   4.9903710e+00
   3.2912460e+00
   3.8750732e+00
   4.5132677e+00
   1.2363905e+01
   3.4366001e+00
   3.1700970e+00
   2.5731707e+00
   8.3950992e+00
   3.1499088e+00
   2.3370714e+00
   3.7819310e+00
   4.6323038e+00
   2.5396378e+00
   2.7326597e+01
   3.0898460e+00
   4.8057776e+00
   3.9078018e+00
   2.5134430e+00
   3.3390979e+00
   2.9490716e+00
   3.1739710e+00
   4.6430377e+00
   2.4985160e+00
   2.4159217e+00
   4.1802926e+00
   2.9348806e+00
   2.7583157e+00
   2.6086240e+00
   7.3574132e+00
   2.4015361e+00
   2.5693921e+00
   3.5392991e+00
   1.1035955e+01
   3.5970892e+00
   2.3819371e+00
   2.5435327e+00
   2.4151882e+00
   2.7259728e+00
   2.4281389e+00
   3.6408094e+00
   2.4718418e+00
   1.2371965e+01
   2.5003475e+00
   3.2859940e+00
   3.1324706e+00
   3.2863750e+00
   2.3341260e+00
   2.9979711e+00
   2.6681763e+00
   2.4603453e+00
   2.1998831e+00
   2.9421637e+00
   2.8877231e+00
   2.4996596e+00
   3.5671618e+00
   2.3617065e+00
   2.0660417e+00
   9.1490193e+00
   5.4298834e+00
   2.7277242e+00
   2.4193418e+00
   2.6348934e+00
   5.5442385e+00
   2.6984104e+00
   2.9029205e+00
   2.6727382e+00
   2.4190057e+00
   2.5084351e+00
   5.7738064e+00
   3.3546315e+00
   2.4721897e+00
   3.5329406e+00
   3.9106638e+00
   2.8087385e+00
   3.3476112e+00
   2.9303698e+00
   2.9055749e+00
   2.1388252e+00
   2.8985706e+00
   2.7351559e+00
   3.0265170e+00
   2.9126961e+00
   3.7714596e+00
   2.8887929e+00
   2.9595639e+00
   2.8737420e+00
   2.6770437e+00
   5.3456964e+00
   2.5030228e+00
   2.3192520e+00
   3.7175869e+00
   1.7847721e+00
   2.6656898e+00
   7.2313422e+00
   5.4966025e+00
   9.1016072e+00
   3.5565319e+00
   2.8986067e+00
   3.7479646e+00
   5.0765045e+00
   1.0381613e+01
   3.7916888e+00
   5.3379032e+00
   6.5658872e+00
   4.1070888e+00
   3.2833412e+00
   2.6108006e+00
   3.3741215e+00
   2.3907216e+00
   3.6582218e+00
   3.8660336e+00
   2.0097881e+00
   3.3901241e+00
   2.4463363e+00
   2.7118483e+00
   2.7189203e+00
   2.7233264e+00
   2.6952115e+00
   2.4117805e+00
   2.6393403e+00
   4.0688431e+00
   2.5486815e+00
   1.8081465e+00
   2.4494407e+00
   3.2660082e+00
   2.4377466e+00
   2.3949981e+00
   2.9520089e+00
   2.9777196e+00
   2.7074734e+00
   3.6260343e+00
   2.6150349e+00
   3.3292172e+00
   8.8419698e+00
   3.1389057e+00
   3.8777501e+00
   2.7918482e+00
   2.9804060e+00
   9.8700747e+00
   2.3962315e+00
   4.1959515e+00
   6.2175190e+00
   1.0780213e+01
   2.4266373e+00
   5.6293218e+00
   2.3611237e+00
   2.8953077e+00
   2.0053531e+00
   3.4137091e+00
   1.9290078e+00
   9.4328763e+00
   3.9718914e+00
   2.4015931e+00
   1.1854887e+01
   2.3280210e+00
   1.2396405e+01
   2.4922506e+00
   4.3016918e+00
   2.5764912e+00
   2.4163898e+00
   2.5287889e+00
   7.3786104e+00
   4.8462192e+00
   7.2021170e+00
   2.2427852e+00
   9.7534227e+00
   2.8721203e+00
   3.2299888e+00
   2.7420349e+00
   6.3202410e+00
   3.2935724e+00
   2.6452504e+00
   3.1906656e+00
   3.2440089e+00
   3.8091009e+00
   2.4956586e+00
   2.5495973e+00
   5.7169682e+00
   2.9607268e+00
   2.4593304e+00
   2.8002540e+00
   1.9305038e+00
   2.3989415e+00
   2.2143164e+00
   4.0175867e+00
   1.7332830e+01
   2.7424269e+00
   3.7063136e+00
   2.5205362e+00
   2.1504236e+00
   3.9431797e+00
   2.9582123e+00
   4.3138340e+00
   1.4124021e+01
   3.2916183e+00
   2.9850693e+00
   1.0269275e+01
   3.2040641e+00
   3.4529663e+00
   3.3245868e+00
   3.2365845e+00
   4.0967261e+00
   2.4808158e+00
   3.7650711e+00
   4.3953718e+00
   2.2008931e+00
   4.0623476e+00
   3.3322927e+00
   3.5396397e+00
   2.5113218e+00
   2.2100244e+00
   2.5462785e+00
   4.7072826e+00
   2.6150305e+00
   2.4741894e+00
   1.9101630e+00
   2.4547902e+00
   2.8755918e+00
   2.8376521e+00
   1.1245604e+01
   5.7627733e+00
   2.4705663e+00
   6.5625405e+00
   4.3308147e+00
   5.3012636e-01
   2.5854362e+00
   3.4977127e+00
   2.1252901e+00
   2.5718613e+00
   2.2795399e+00
   3.3211580e+00
   2.6481773e+00
   2.8725753e+00
   3.1000188e+00
   2.0704386e+00
   5.4522081e+00
   5.7956795e+00
   2.3580191e+00
   4.1097653e+00
   3.2252965e+00
   3.0133965e+00
   3.6166219e+00
   3.1777922e+00
   2.5606767e+00
   2.4469303e+00
   2.7293945e+00
   2.9127456e+00
   3.8868772e+00
   2.6912971e+00
   4.9486489e+00
   5.2077250e+00
   2.5808295e+00
   2.6862189e+00
   2.8167379e+00
   3.8762886e+00
   1.4376361e+01
   2.3717009e+00
   2.4966677e+00
   6.2081190e+00
   1.0528184e+01
   3.5966632e+00
   2.6425778e+00
   1.1365236e+01
   3.5021557e+00
   6.4967905e+00
   2.1613726e+00
   4.0620279e+00
   3.1030180e+00
   2.7439012e+00
   2.5584085e+00
   2.7592617e+00
   5.1688020e+00
   3.1491750e+00
   1.2025330e+01
   2.4686880e+00
   5.9036959e+00
   2.4926108e+00
   2.5917777e+00
   4.6953993e+00
   2.6387923e+00
   3.3668943e+00
   2.4531544e+00
   9.1493499e+00
   3.0107161e+00
   3.0281063e+00
   2.2586030e+00
   3.3241087e+00
   3.3909316e+00
   3.0059317e+00
   2.9940658e+00
   5.4364483e+00
   4.1037628e+00
   1.5952484e+01
   2.4002726e+00
   2.0510212e+00
   5.7634173e+00
   3.1022085e+00
